Id	Desc	Name	AchievementDesc	AchievenmentPoint	Conditions	RewardItem1	RewardItemNum1	RewardItem2	RewardItemNum2	RewardItem3	RewardItemNum3	RewardItem4	RewardItemNum4	RewardItem5	RewardItemNum5	RewardItem6	RewardItemNum6	RewardItem7	RewardItemNum7	RewardItem8	RewardItemNum8	RewardItem9	RewardItemNum9	RewardItem10	RewardItemNum10
INT	STRING	STRING	STRING	INT	INT	INT	INT	INT	INT	INT	INT	INT	INT	INT	INT	INT	INT	INT	INT	INT	INT	INT	INT	INT	INT
#MAX_ID=1024;MAX_RECORD=1024;TableType=Hash;																									
#成就ID	成就描述（本列程序不读）	名称	成就说明	成就点数	完成条件	奖励1ID(-1:无 0:金币 1:非绑元 2:绑元 其他：物品ID)	奖励1数量	奖励2ID(-1:无 0:金币 1:非绑元 2:绑元 其他：物品ID)	奖励2数量	奖励3ID(-1:无 0:金币 1:非绑元 2:绑元 其他：物品ID)	奖励3数量	奖励4ID(-1:无 0:金币 1:非绑元 2:绑元 其他：物品ID)	奖励4数量	奖励5ID(-1:无 0:金币 1:非绑元 2:绑元 其他：物品ID)	奖励5数量	奖励6ID(-1:无 0:金币 1:非绑元 2:绑元 其他：物品ID)	奖励6数量	奖励7ID(-1:无 0:金币 1:非绑元 2:绑元 其他：物品ID)	奖励7数量	奖励8ID(-1:无 0:金币 1:非绑元 2:绑元 其他：物品ID)	奖励8数量	奖励9ID(-1:无 0:金币 1:非绑元 2:绑元 其他：物品ID)	奖励9数量	奖励10ID(-1:无 0:金币 1:非绑元 2:绑元 其他：物品ID)	奖励10数量
0	历史登录	天长地久	登录游戏达到3天	4	3	2	30	-1	-1	-1	-1	-1	-1	-1	-1	-1	-1	-1	-1	-1	-1	-1	-1	-1	-1
1	历史登录	天长地久	登录游戏达到7天	6	7	2	40	-1	-1	-1	-1	-1	-1	-1	-1	-1	-1	-1	-1	-1	-1	-1	-1	-1	-1
2	历史登录	天长地久	登录游戏达到14天	8	14	2	50	-1	-1	-1	-1	-1	-1	-1	-1	-1	-1	-1	-1	-1	-1	-1	-1	-1	-1
3	历史登录	天长地久	登录游戏达到30天	10	30	2	60	-1	-1	-1	-1	-1	-1	-1	-1	-1	-1	-1	-1	-1	-1	-1	-1	-1	-1
4	历史登录	天长地久	登录游戏达到45天	15	45	2	80	-1	-1	-1	-1	-1	-1	-1	-1	-1	-1	-1	-1	-1	-1	-1	-1	-1	-1
5	历史登录	天长地久	登录游戏达到60天	20	60	2	100	-1	-1	-1	-1	-1	-1	-1	-1	-1	-1	-1	-1	-1	-1	-1	-1	-1	-1
6	历史登录	天长地久	登录游戏达到75天	25	75	2	120	-1	-1	-1	-1	-1	-1	-1	-1	-1	-1	-1	-1	-1	-1	-1	-1	-1	-1
7	历史登录	天长地久	登录游戏达到90天	30	90	2	150	56666	1	-1	-1	-1	-1	-1	-1	-1	-1	-1	-1	-1	-1	-1	-1	-1	-1
8	连续登录	守望江湖	连续登录游戏达到3天	4	3	2	40	-1	-1	-1	-1	-1	-1	-1	-1	-1	-1	-1	-1	-1	-1	-1	-1	-1	-1
9	连续登录	守望江湖	连续登录游戏达到5天	6	5	2	50	-1	-1	-1	-1	-1	-1	-1	-1	-1	-1	-1	-1	-1	-1	-1	-1	-1	-1
10	连续登录	守望江湖	连续登录游戏达到7天	10	7	2	60	-1	-1	-1	-1	-1	-1	-1	-1	-1	-1	-1	-1	-1	-1	-1	-1	-1	-1
11	连续登录	守望江湖	连续登录游戏达到14天	12	14	2	80	-1	-1	-1	-1	-1	-1	-1	-1	-1	-1	-1	-1	-1	-1	-1	-1	-1	-1
12	连续登录	守望江湖	连续登录游戏达到21天	15	21	2	100	-1	-1	-1	-1	-1	-1	-1	-1	-1	-1	-1	-1	-1	-1	-1	-1	-1	-1
13	连续登录	守望江湖	连续登录游戏达到28天	18	28	2	120	56667	1	-1	-1	-1	-1	-1	-1	-1	-1	-1	-1	-1	-1	-1	-1	-1	-1
14	拥有好友数量	与子同袍	拥有1个好友	2	1	2	20	-1	-1	-1	-1	-1	-1	-1	-1	-1	-1	-1	-1	-1	-1	-1	-1	-1	-1
15	拥有好友数量	与子同袍	拥有10个好友	3	10	2	20	-1	-1	-1	-1	-1	-1	-1	-1	-1	-1	-1	-1	-1	-1	-1	-1	-1	-1
16	拥有好友数量	与子同袍	拥有30个好友	4	30	2	20	-1	-1	-1	-1	-1	-1	-1	-1	-1	-1	-1	-1	-1	-1	-1	-1	-1	-1
17	拥有好友数量	与子同袍	拥有50个好友	5	50	2	20	-1	-1	-1	-1	-1	-1	-1	-1	-1	-1	-1	-1	-1	-1	-1	-1	-1	-1
18	拥有好友数量	与子同袍	拥有70个好友	8	70	2	20	-1	-1	-1	-1	-1	-1	-1	-1	-1	-1	-1	-1	-1	-1	-1	-1	-1	-1
19	加入一次队伍	意气相投	加入1次队伍	2	1	2	30	-1	-1	-1	-1	-1	-1	-1	-1	-1	-1	-1	-1	-1	-1	-1	-1	-1	-1
20	使用一次队伍集合	呼朋唤友	使用1次队伍集合	2	1	2	30	-1	-1	-1	-1	-1	-1	-1	-1	-1	-1	-1	-1	-1	-1	-1	-1	-1	-1
21	使用一次发起跟随	如左右手	发起1次组队跟随	2	1	2	30	-1	-1	-1	-1	-1	-1	-1	-1	-1	-1	-1	-1	-1	-1	-1	-1	-1	-1
22	寄售行购买道具数量	互通有无	寄售行中购买1次道具	2	1	2	30	-1	-1	-1	-1	-1	-1	-1	-1	-1	-1	-1	-1	-1	-1	-1	-1	-1	-1
23	寄售行出售道具数量	一本万利	寄售行中出售1次道具	2	1	2	30	-1	-1	-1	-1	-1	-1	-1	-1	-1	-1	-1	-1	-1	-1	-1	-1	-1	-1
24	底价拍卖参与次数	贵在参与	在底价拍卖中出价1次	2	1	2	20	-1	-1	-1	-1	-1	-1	-1	-1	-1	-1	-1	-1	-1	-1	-1	-1	-1	-1
25	底价拍卖参与次数	贵在参与	在底价拍卖中出价10次	3	10	2	40	-1	-1	-1	-1	-1	-1	-1	-1	-1	-1	-1	-1	-1	-1	-1	-1	-1	-1
26	底价拍卖参与次数	贵在参与	底价拍卖中出价20次	5	20	2	50	-1	-1	-1	-1	-1	-1	-1	-1	-1	-1	-1	-1	-1	-1	-1	-1	-1	-1
27	底价拍卖参与次数	贵在参与	底价拍卖中出价50次	7	50	2	60	-1	-1	-1	-1	-1	-1	-1	-1	-1	-1	-1	-1	-1	-1	-1	-1	-1	-1
28	底价拍卖参与次数	贵在参与	底价拍卖中出价100次	10	100	2	80	-1	-1	-1	-1	-1	-1	-1	-1	-1	-1	-1	-1	-1	-1	-1	-1	-1	-1
29	底价拍卖参与次数	贵在参与	底价拍卖中出价200次	15	200	2	100	-1	-1	-1	-1	-1	-1	-1	-1	-1	-1	-1	-1	-1	-1	-1	-1	-1	-1
30	底价拍卖参与次数	贵在参与	底价拍卖中出价500次	25	500	2	120	-1	-1	-1	-1	-1	-1	-1	-1	-1	-1	-1	-1	-1	-1	-1	-1	-1	-1
31	底价拍卖成功次数	运至财来	底价拍卖中竞拍成功1次	1	1	2	50	-1	-1	-1	-1	-1	-1	-1	-1	-1	-1	-1	-1	-1	-1	-1	-1	-1	-1
32	底价拍卖成功次数	运至财来	底价拍卖中竞拍成功5次	3	5	2	80	-1	-1	-1	-1	-1	-1	-1	-1	-1	-1	-1	-1	-1	-1	-1	-1	-1	-1
33	底价拍卖成功次数	运至财来	底价拍卖中竞拍成功10次	6	10	2	120	-1	-1	-1	-1	-1	-1	-1	-1	-1	-1	-1	-1	-1	-1	-1	-1	-1	-1
34	底价拍卖成功次数	运至财来	底价拍卖中竞拍成功20次	12	20	2	150	-1	-1	-1	-1	-1	-1	-1	-1	-1	-1	-1	-1	-1	-1	-1	-1	-1	-1
35	底价拍卖成功次数	运至财来	底价拍卖中竞拍成功50次	18	50	2	200	56668	1	-1	-1	-1	-1	-1	-1	-1	-1	-1	-1	-1	-1	-1	-1	-1	-1
36	打造手工装备数量	良工巧匠	打造1件装备	1	1	2	20	-1	-1	-1	-1	-1	-1	-1	-1	-1	-1	-1	-1	-1	-1	-1	-1	-1	-1
37	打造手工装备数量	良工巧匠	打造5件装备	2	5	2	20	-1	-1	-1	-1	-1	-1	-1	-1	-1	-1	-1	-1	-1	-1	-1	-1	-1	-1
38	打造手工装备数量	良工巧匠	打造10件装备	4	10	2	30	-1	-1	-1	-1	-1	-1	-1	-1	-1	-1	-1	-1	-1	-1	-1	-1	-1	-1
39	打造手工装备数量	良工巧匠	打造20件装备	6	20	2	40	-1	-1	-1	-1	-1	-1	-1	-1	-1	-1	-1	-1	-1	-1	-1	-1	-1	-1
40	打造手工装备数量	良工巧匠	打造50件装备	8	50	2	60	-1	-1	-1	-1	-1	-1	-1	-1	-1	-1	-1	-1	-1	-1	-1	-1	-1	-1
41	打造紫色手工装备数量	精益求精	打造1件紫色装备	2	1	2	50	-1	-1	-1	-1	-1	-1	-1	-1	-1	-1	-1	-1	-1	-1	-1	-1	-1	-1
42	打造紫色手工装备数量	精益求精	打造2件紫色装备	6	2	2	50	-1	-1	-1	-1	-1	-1	-1	-1	-1	-1	-1	-1	-1	-1	-1	-1	-1	-1
43	打造紫色手工装备数量	精益求精	打造5件紫色装备	10	5	2	80	-1	-1	-1	-1	-1	-1	-1	-1	-1	-1	-1	-1	-1	-1	-1	-1	-1	-1
44	打造紫色手工装备数量	精益求精	打造10件紫色装备	15	10	2	80	-1	-1	-1	-1	-1	-1	-1	-1	-1	-1	-1	-1	-1	-1	-1	-1	-1	-1
45	打造橙色手工装备数量	巧夺天工	打造1件橙色装备	30	1	2	120	-1	-1	-1	-1	-1	-1	-1	-1	-1	-1	-1	-1	-1	-1	-1	-1	-1	-1
46	制药数量	药匣子	制作1瓶药品	1	1	2	20	-1	-1	-1	-1	-1	-1	-1	-1	-1	-1	-1	-1	-1	-1	-1	-1	-1	-1
47	制药数量	药匣子	制作5瓶药品	2	5	2	30	-1	-1	-1	-1	-1	-1	-1	-1	-1	-1	-1	-1	-1	-1	-1	-1	-1	-1
48	制药数量	药匣子	制作10瓶药品	3	10	2	30	-1	-1	-1	-1	-1	-1	-1	-1	-1	-1	-1	-1	-1	-1	-1	-1	-1	-1
49	制药数量	药匣子	制作20瓶药品	4	20	2	40	-1	-1	-1	-1	-1	-1	-1	-1	-1	-1	-1	-1	-1	-1	-1	-1	-1	-1
50	制药数量	药匣子	制作50瓶药品	6	50	2	40	-1	-1	-1	-1	-1	-1	-1	-1	-1	-1	-1	-1	-1	-1	-1	-1	-1	-1
51	制药数量	药匣子	制作100瓶药品	8	100	2	60	-1	-1	-1	-1	-1	-1	-1	-1	-1	-1	-1	-1	-1	-1	-1	-1	-1	-1
52	神装数量	一锤定音	制作1件神装	1	1	2	20	-1	-1	-1	-1	-1	-1	-1	-1	-1	-1	-1	-1	-1	-1	-1	-1	-1	-1
53	神装数量	一锤定音	制作3件神装	2	3	2	30	-1	-1	-1	-1	-1	-1	-1	-1	-1	-1	-1	-1	-1	-1	-1	-1	-1	-1
54	神装数量	一锤定音	制作7件神装	3	7	2	40	-1	-1	-1	-1	-1	-1	-1	-1	-1	-1	-1	-1	-1	-1	-1	-1	-1	-1
55	神装数量	一锤定音	制作9件神装	4	9	2	50	-1	-1	-1	-1	-1	-1	-1	-1	-1	-1	-1	-1	-1	-1	-1	-1	-1	-1
56	神装数量	一锤定音	制作14件神装	6	14	2	60	-1	-1	-1	-1	-1	-1	-1	-1	-1	-1	-1	-1	-1	-1	-1	-1	-1	-1
57	神装数量	一锤定音	制作18件神装	8	18	2	70	-1	-1	-1	-1	-1	-1	-1	-1	-1	-1	-1	-1	-1	-1	-1	-1	-1	-1
58	神装数量	一锤定音	制作25件神装	10	25	2	80	-1	-1	-1	-1	-1	-1	-1	-1	-1	-1	-1	-1	-1	-1	-1	-1	-1	-1
59	酒楼等级	裕业有孚	酒楼等级达到2级	2	2	2	20	-1	-1	-1	-1	-1	-1	-1	-1	-1	-1	-1	-1	-1	-1	-1	-1	-1	-1
60	酒楼等级	裕业有孚	酒楼等级达到3级	3	3	2	30	-1	-1	-1	-1	-1	-1	-1	-1	-1	-1	-1	-1	-1	-1	-1	-1	-1	-1
61	酒楼等级	裕业有孚	酒楼等级达到4级	5	4	2	40	-1	-1	-1	-1	-1	-1	-1	-1	-1	-1	-1	-1	-1	-1	-1	-1	-1	-1
62	酒楼等级	裕业有孚	酒楼等级达到5级	8	5	2	50	-1	-1	-1	-1	-1	-1	-1	-1	-1	-1	-1	-1	-1	-1	-1	-1	-1	-1
63	酒楼开放座位数	汇川纳海	酒楼中开启3个座位	1	3	2	20	-1	-1	-1	-1	-1	-1	-1	-1	-1	-1	-1	-1	-1	-1	-1	-1	-1	-1
64	酒楼开放座位数	汇川纳海	酒楼中开启4个座位	2	4	2	40	-1	-1	-1	-1	-1	-1	-1	-1	-1	-1	-1	-1	-1	-1	-1	-1	-1	-1
65	酒楼开放座位数	汇川纳海	酒楼中开启5个座位	4	5	2	60	-1	-1	-1	-1	-1	-1	-1	-1	-1	-1	-1	-1	-1	-1	-1	-1	-1	-1
66	酒楼开放座位数	汇川纳海	酒楼中开启7个座位	6	7	2	80	-1	-1	-1	-1	-1	-1	-1	-1	-1	-1	-1	-1	-1	-1	-1	-1	-1	-1
67	酒楼开放座位数	汇川纳海	酒楼中开启9个座位	8	9	2	100	-1	-1	-1	-1	-1	-1	-1	-1	-1	-1	-1	-1	-1	-1	-1	-1	-1	-1
68	加入一个帮会(含创建)	风雨同舟	加入或创建1个帮会	3	1	2	40	-1	-1	-1	-1	-1	-1	-1	-1	-1	-1	-1	-1	-1	-1	-1	-1	-1	-1
69	完成帮会任务数量	众志成城	完成1次帮会任务	2	1	2	30	-1	-1	-1	-1	-1	-1	-1	-1	-1	-1	-1	-1	-1	-1	-1	-1	-1	-1
70	完成帮会任务数量	众志成城	完成10次帮会任务	4	10	2	40	-1	-1	-1	-1	-1	-1	-1	-1	-1	-1	-1	-1	-1	-1	-1	-1	-1	-1
71	完成帮会任务数量	众志成城	完成25次帮会任务	6	25	2	60	-1	-1	-1	-1	-1	-1	-1	-1	-1	-1	-1	-1	-1	-1	-1	-1	-1	-1
72	完成帮会任务数量	众志成城	完成50次帮会任务	8	50	2	90	-1	-1	-1	-1	-1	-1	-1	-1	-1	-1	-1	-1	-1	-1	-1	-1	-1	-1
73	完成帮会任务数量	众志成城	完成100次帮会任务	10	100	2	120	-1	-1	-1	-1	-1	-1	-1	-1	-1	-1	-1	-1	-1	-1	-1	-1	-1	-1
74	完成帮会任务数量	众志成城	完成200次帮会任务	12	200	2	150	56669	1	-1	-1	-1	-1	-1	-1	-1	-1	-1	-1	-1	-1	-1	-1	-1	-1
75	在江陵城内购买道具数量	国士无双	在江陵城商人处购买1次商品	10	1	2	60	-1	-1	-1	-1	-1	-1	-1	-1	-1	-1	-1	-1	-1	-1	-1	-1	-1	-1
76	帮贡兑换数量	中流砥柱	帮会商店中消耗1点帮贡	2	1	2	20	-1	-1	-1	-1	-1	-1	-1	-1	-1	-1	-1	-1	-1	-1	-1	-1	-1	-1
77	帮贡兑换数量	中流砥柱	帮会商店中消耗50点帮贡	4	50	2	30	-1	-1	-1	-1	-1	-1	-1	-1	-1	-1	-1	-1	-1	-1	-1	-1	-1	-1
78	帮贡兑换数量	中流砥柱	帮会商店中消耗200点帮贡	6	200	2	40	-1	-1	-1	-1	-1	-1	-1	-1	-1	-1	-1	-1	-1	-1	-1	-1	-1	-1
79	帮贡兑换数量	中流砥柱	帮会商店中消耗800点帮贡	8	800	2	60	-1	-1	-1	-1	-1	-1	-1	-1	-1	-1	-1	-1	-1	-1	-1	-1	-1	-1
80	帮贡兑换数量	中流砥柱	帮会商店中消耗2000点帮贡	12	2000	2	80	-1	-1	-1	-1	-1	-1	-1	-1	-1	-1	-1	-1	-1	-1	-1	-1	-1	-1
81	帮贡兑换数量	中流砥柱	帮会商店中消耗5000点帮贡	18	5000	2	100	-1	-1	-1	-1	-1	-1	-1	-1	-1	-1	-1	-1	-1	-1	-1	-1	-1	-1
82	帮贡兑换数量	中流砥柱	帮会商店中消耗10000点帮贡	25	10000	2	120	-1	-1	-1	-1	-1	-1	-1	-1	-1	-1	-1	-1	-1	-1	-1	-1	-1	-1
83	加入一个师门(含创建)	师出名门	加入或创建1个师门	2	1	2	25	-1	-1	-1	-1	-1	-1	-1	-1	-1	-1	-1	-1	-1	-1	-1	-1	-1	-1
84	师门技能等级	一技之长	师门技能等级达到1级	1	1	2	20	-1	-1	-1	-1	-1	-1	-1	-1	-1	-1	-1	-1	-1	-1	-1	-1	-1	-1
85	师门技能等级	一技之长	师门技能等级达到2级	1	2	2	20	-1	-1	-1	-1	-1	-1	-1	-1	-1	-1	-1	-1	-1	-1	-1	-1	-1	-1
86	师门技能等级	一技之长	师门技能等级达到4级	2	4	2	30	-1	-1	-1	-1	-1	-1	-1	-1	-1	-1	-1	-1	-1	-1	-1	-1	-1	-1
87	师门技能等级	一技之长	师门技能等级达到6级	2	6	2	40	-1	-1	-1	-1	-1	-1	-1	-1	-1	-1	-1	-1	-1	-1	-1	-1	-1	-1
88	师门技能等级	一技之长	师门技能等级达到8级	3	8	2	50	-1	-1	-1	-1	-1	-1	-1	-1	-1	-1	-1	-1	-1	-1	-1	-1	-1	-1
89	师门技能等级	一技之长	师门技能等级达到10级	3	10	2	60	-1	-1	-1	-1	-1	-1	-1	-1	-1	-1	-1	-1	-1	-1	-1	-1	-1	-1
90	完成师门任务数量	知遇之恩	完成1次师门任务	5	1	2	50	-1	-1	-1	-1	-1	-1	-1	-1	-1	-1	-1	-1	-1	-1	-1	-1	-1	-1
91	完成师门任务数量	知遇之恩	完成5次师门任务	5	5	2	70	-1	-1	-1	-1	-1	-1	-1	-1	-1	-1	-1	-1	-1	-1	-1	-1	-1	-1
92	完成师门任务数量	知遇之恩	完成10次师门任务	5	10	2	90	-1	-1	-1	-1	-1	-1	-1	-1	-1	-1	-1	-1	-1	-1	-1	-1	-1	-1
93	完成师门任务数量	知遇之恩	完成20次师门任务	10	20	2	120	-1	-1	-1	-1	-1	-1	-1	-1	-1	-1	-1	-1	-1	-1	-1	-1	-1	-1
94	完成师门任务数量	知遇之恩	完成50次师门任务	15	50	2	160	-1	-1	-1	-1	-1	-1	-1	-1	-1	-1	-1	-1	-1	-1	-1	-1	-1	-1
95	完成师门任务数量	知遇之恩	完成100次师门任务	20	100	2	200	56670	1	-1	-1	-1	-1	-1	-1	-1	-1	-1	-1	-1	-1	-1	-1	-1	-1
96	合成美人数量	艳福不浅	合成1个美人	2	1	2	30	-1	-1	-1	-1	-1	-1	-1	-1	-1	-1	-1	-1	-1	-1	-1	-1	-1	-1
97	合成美人数量	艳福不浅	合成3个美人	4	3	2	40	-1	-1	-1	-1	-1	-1	-1	-1	-1	-1	-1	-1	-1	-1	-1	-1	-1	-1
98	合成美人数量	艳福不浅	合成5个美人	6	5	2	50	-1	-1	-1	-1	-1	-1	-1	-1	-1	-1	-1	-1	-1	-1	-1	-1	-1	-1
99	合成美人数量	艳福不浅	合成10个美人	8	10	2	70	-1	-1	-1	-1	-1	-1	-1	-1	-1	-1	-1	-1	-1	-1	-1	-1	-1	-1
100	合成美人数量	艳福不浅	合成15个美人	10	15	2	90	-1	-1	-1	-1	-1	-1	-1	-1	-1	-1	-1	-1	-1	-1	-1	-1	-1	-1
101	合成美人数量	艳福不浅	合成20个美人	12	20	2	120	-1	-1	-1	-1	-1	-1	-1	-1	-1	-1	-1	-1	-1	-1	-1	-1	-1	-1
102	合成美人数量	艳福不浅	合成30个美人	15	30	2	150	-1	-1	-1	-1	-1	-1	-1	-1	-1	-1	-1	-1	-1	-1	-1	-1	-1	-1
103	合成美人数量	艳福不浅	合成50个美人	20	50	2	180	-1	-1	-1	-1	-1	-1	-1	-1	-1	-1	-1	-1	-1	-1	-1	-1	-1	-1
104	转化美人碎片数量	窈窕淑女	转化10个美人碎片	1	10	2	30	-1	-1	-1	-1	-1	-1	-1	-1	-1	-1	-1	-1	-1	-1	-1	-1	-1	-1
105	转化美人碎片数量	窈窕淑女	转化50个美人碎片	2	50	2	50	-1	-1	-1	-1	-1	-1	-1	-1	-1	-1	-1	-1	-1	-1	-1	-1	-1	-1
106	转化美人碎片数量	窈窕淑女	转化200个美人碎片	4	200	2	70	-1	-1	-1	-1	-1	-1	-1	-1	-1	-1	-1	-1	-1	-1	-1	-1	-1	-1
107	转化美人碎片数量	窈窕淑女	转化1000个美人碎片	8	1000	2	100	-1	-1	-1	-1	-1	-1	-1	-1	-1	-1	-1	-1	-1	-1	-1	-1	-1	-1
108	转化美人碎片数量	窈窕淑女	转化5000个美人碎片	10	5000	2	130	-1	-1	-1	-1	-1	-1	-1	-1	-1	-1	-1	-1	-1	-1	-1	-1	-1	-1
109	转化美人碎片数量	窈窕淑女	转化10000个美人碎片	15	10000	2	160	-1	-1	-1	-1	-1	-1	-1	-1	-1	-1	-1	-1	-1	-1	-1	-1	-1	-1
110	转化美人碎片数量	窈窕淑女	转化50000个美人碎片	20	50000	2	200	56671	1	-1	-1	-1	-1	-1	-1	-1	-1	-1	-1	-1	-1	-1	-1	-1	-1
111	转化宝石次数	精雕细刻	转化或合成10次宝石	1	10	2	30	-1	-1	-1	-1	-1	-1	-1	-1	-1	-1	-1	-1	-1	-1	-1	-1	-1	-1
112	转化宝石次数	精雕细刻	转化或合成50次宝石	2	50	2	50	-1	-1	-1	-1	-1	-1	-1	-1	-1	-1	-1	-1	-1	-1	-1	-1	-1	-1
113	转化宝石次数	精雕细刻	转化或合成100次宝石	3	100	2	70	-1	-1	-1	-1	-1	-1	-1	-1	-1	-1	-1	-1	-1	-1	-1	-1	-1	-1
114	转化宝石次数	精雕细刻	转化或合成500次宝石	5	500	2	100	-1	-1	-1	-1	-1	-1	-1	-1	-1	-1	-1	-1	-1	-1	-1	-1	-1	-1
115	转化宝石次数	精雕细刻	转化或合成1000次宝石	7	1000	2	130	-1	-1	-1	-1	-1	-1	-1	-1	-1	-1	-1	-1	-1	-1	-1	-1	-1	-1
116	转化宝石次数	精雕细刻	转化或合成5000次宝石	10	5000	2	160	-1	-1	-1	-1	-1	-1	-1	-1	-1	-1	-1	-1	-1	-1	-1	-1	-1	-1
117	转化宝石次数	精雕细刻	转化或合成10000次宝石	15	10000	2	200	-1	-1	-1	-1	-1	-1	-1	-1	-1	-1	-1	-1	-1	-1	-1	-1	-1	-1
118	合成高级藏宝图数量	摸金校尉	合成2个高级藏宝图	2	2	2	60	-1	-1	-1	-1	-1	-1	-1	-1	-1	-1	-1	-1	-1	-1	-1	-1	-1	-1
119	合成高级藏宝图数量	摸金校尉	合成5个高级藏宝图	4	5	2	80	-1	-1	-1	-1	-1	-1	-1	-1	-1	-1	-1	-1	-1	-1	-1	-1	-1	-1
120	合成高级藏宝图数量	摸金校尉	合成10个高级藏宝图	6	10	2	100	-1	-1	-1	-1	-1	-1	-1	-1	-1	-1	-1	-1	-1	-1	-1	-1	-1	-1
121	合成高级藏宝图数量	摸金校尉	合成20个高级藏宝图	9	20	2	120	-1	-1	-1	-1	-1	-1	-1	-1	-1	-1	-1	-1	-1	-1	-1	-1	-1	-1
122	合成高级藏宝图数量	摸金校尉	合成40个高级藏宝图	12	40	2	140	-1	-1	-1	-1	-1	-1	-1	-1	-1	-1	-1	-1	-1	-1	-1	-1	-1	-1
123	合成高级藏宝图数量	摸金校尉	合成60个高级藏宝图	15	60	2	170	-1	-1	-1	-1	-1	-1	-1	-1	-1	-1	-1	-1	-1	-1	-1	-1	-1	-1
124	合成高级藏宝图数量	摸金校尉	合成100个高级藏宝图	20	100	2	200	56672	1	-1	-1	-1	-1	-1	-1	-1	-1	-1	-1	-1	-1	-1	-1	-1	-1
125	转化伙伴技能书数量	有凤来仪	转化2次伙伴技能书	1	2	2	20	-1	-1	-1	-1	-1	-1	-1	-1	-1	-1	-1	-1	-1	-1	-1	-1	-1	-1
126	转化伙伴技能书数量	有凤来仪	转化5次伙伴技能书	1	5	2	30	-1	-1	-1	-1	-1	-1	-1	-1	-1	-1	-1	-1	-1	-1	-1	-1	-1	-1
127	转化伙伴技能书数量	有凤来仪	转化10次伙伴技能书	2	10	2	40	-1	-1	-1	-1	-1	-1	-1	-1	-1	-1	-1	-1	-1	-1	-1	-1	-1	-1
128	转化伙伴技能书数量	有凤来仪	转化20次伙伴技能书	3	20	2	50	-1	-1	-1	-1	-1	-1	-1	-1	-1	-1	-1	-1	-1	-1	-1	-1	-1	-1
129	转化伙伴技能书数量	有凤来仪	转化40次伙伴技能书	4	40	2	60	-1	-1	-1	-1	-1	-1	-1	-1	-1	-1	-1	-1	-1	-1	-1	-1	-1	-1
130	转化伙伴技能书数量	有凤来仪	转化60次伙伴技能书	6	60	2	80	-1	-1	-1	-1	-1	-1	-1	-1	-1	-1	-1	-1	-1	-1	-1	-1	-1	-1
131	转化伙伴技能书数量	有凤来仪	转化100次伙伴技能书	8	100	2	100	-1	-1	-1	-1	-1	-1	-1	-1	-1	-1	-1	-1	-1	-1	-1	-1	-1	-1
132	使用定点挂机功能一次	稳如泰山	使用定点挂机功能1次	1	1	2	20	-1	-1	-1	-1	-1	-1	-1	-1	-1	-1	-1	-1	-1	-1	-1	-1	-1	-1
133	伙伴改名一次	爱不释手	使用伙伴改名功能1次	1	1	2	20	-1	-1	-1	-1	-1	-1	-1	-1	-1	-1	-1	-1	-1	-1	-1	-1	-1	-1
134	伙伴星级	鱼跃龙门	出战伙伴达到白色3星	3	3	2	20	-1	-1	-1	-1	-1	-1	-1	-1	-1	-1	-1	-1	-1	-1	-1	-1	-1	-1
135	伙伴星级	鱼跃龙门	出战伙伴达到白色6星	15	6	2	30	-1	-1	-1	-1	-1	-1	-1	-1	-1	-1	-1	-1	-1	-1	-1	-1	-1	-1
136	伙伴星级	鱼跃龙门	出战伙伴达到绿色1星	40	13	2	50	-1	-1	-1	-1	-1	-1	-1	-1	-1	-1	-1	-1	-1	-1	-1	-1	-1	-1
137	伙伴星级	鱼跃龙门	出战伙伴达到蓝色1星	80	25	2	70	-1	-1	-1	-1	-1	-1	-1	-1	-1	-1	-1	-1	-1	-1	-1	-1	-1	-1
138	伙伴星级	鱼跃龙门	出战伙伴达到紫色1星	120	37	2	90	-1	-1	-1	-1	-1	-1	-1	-1	-1	-1	-1	-1	-1	-1	-1	-1	-1	-1
139	伙伴星级	鱼跃龙门	出战伙伴达到橙色1星	180	49	2	120	-1	-1	-1	-1	-1	-1	-1	-1	-1	-1	-1	-1	-1	-1	-1	-1	-1	-1
140	伙伴星级	鱼跃龙门	出战伙伴达到橙色12星	240	60	2	160	-1	-1	-1	-1	-1	-1	-1	-1	-1	-1	-1	-1	-1	-1	-1	-1	-1	-1
141	上阵伙伴的品质	鹏程万里	出战伙伴达到蓝色品质	2	2	2	40	-1	-1	-1	-1	-1	-1	-1	-1	-1	-1	-1	-1	-1	-1	-1	-1	-1	-1
142	上阵伙伴的品质	鹏程万里	出战伙伴达到紫色品质	5	3	2	60	-1	-1	-1	-1	-1	-1	-1	-1	-1	-1	-1	-1	-1	-1	-1	-1	-1	-1
143	上阵伙伴的品质	鹏程万里	出战伙伴达到橙色品质	10	4	2	90	-1	-1	-1	-1	-1	-1	-1	-1	-1	-1	-1	-1	-1	-1	-1	-1	-1	-1
144	上阵伙伴的品质	鹏程万里	出战伙伴达到红色品质	200	5	2	120	-1	-1	-1	-1	-1	-1	-1	-1	-1	-1	-1	-1	-1	-1	-1	-1	-1	-1
145	伙伴激活技能数量	一叶知秋	激活6个伙伴技能	1	6	2	20	-1	-1	-1	-1	-1	-1	-1	-1	-1	-1	-1	-1	-1	-1	-1	-1	-1	-1
146	伙伴激活技能数量	一叶知秋	激活12个伙伴技能	3	12	2	40	-1	-1	-1	-1	-1	-1	-1	-1	-1	-1	-1	-1	-1	-1	-1	-1	-1	-1
147	伙伴激活技能数量	一叶知秋	激活18个伙伴技能	5	18	2	60	-1	-1	-1	-1	-1	-1	-1	-1	-1	-1	-1	-1	-1	-1	-1	-1	-1	-1
148	伙伴激活技能数量	一叶知秋	激活24个伙伴技能	7	24	2	80	-1	-1	-1	-1	-1	-1	-1	-1	-1	-1	-1	-1	-1	-1	-1	-1	-1	-1
149	伙伴激活技能数量	一叶知秋	激活28个伙伴技能	10	28	2	100	-1	-1	-1	-1	-1	-1	-1	-1	-1	-1	-1	-1	-1	-1	-1	-1	-1	-1
150	伙伴激活技能数量	一叶知秋	激活30个伙伴技能	15	30	2	120	-1	-1	-1	-1	-1	-1	-1	-1	-1	-1	-1	-1	-1	-1	-1	-1	-1	-1
151	伙伴激活技能总等级	鱼龙百变	伙伴技能等级之和达到10	2	10	2	20	-1	-1	-1	-1	-1	-1	-1	-1	-1	-1	-1	-1	-1	-1	-1	-1	-1	-1
152	伙伴激活技能总等级	鱼龙百变	伙伴技能等级之和达到20	5	20	2	30	-1	-1	-1	-1	-1	-1	-1	-1	-1	-1	-1	-1	-1	-1	-1	-1	-1	-1
153	伙伴激活技能总等级	鱼龙百变	伙伴技能等级之和达到40	10	40	2	40	-1	-1	-1	-1	-1	-1	-1	-1	-1	-1	-1	-1	-1	-1	-1	-1	-1	-1
154	伙伴激活技能总等级	鱼龙百变	伙伴技能等级之和达到60	15	60	2	50	-1	-1	-1	-1	-1	-1	-1	-1	-1	-1	-1	-1	-1	-1	-1	-1	-1	-1
155	伙伴激活技能总等级	鱼龙百变	伙伴技能等级之和达到80	20	80	2	60	-1	-1	-1	-1	-1	-1	-1	-1	-1	-1	-1	-1	-1	-1	-1	-1	-1	-1
156	伙伴激活技能总等级	鱼龙百变	伙伴技能等级之和达到100	30	100	2	80	-1	-1	-1	-1	-1	-1	-1	-1	-1	-1	-1	-1	-1	-1	-1	-1	-1	-1
157	伙伴激活技能总等级	鱼龙百变	伙伴技能等级之和达到120	40	120	2	100	-1	-1	-1	-1	-1	-1	-1	-1	-1	-1	-1	-1	-1	-1	-1	-1	-1	-1
158	伙伴激活技能总等级	鱼龙百变	伙伴技能等级之和达到140	60	140	2	120	-1	-1	-1	-1	-1	-1	-1	-1	-1	-1	-1	-1	-1	-1	-1	-1	-1	-1
159	伙伴激活技能总等级	鱼龙百变	伙伴技能等级之和达到150	80	150	2	150	-1	-1	-1	-1	-1	-1	-1	-1	-1	-1	-1	-1	-1	-1	-1	-1	-1	-1
160	永久坐骑数量	凤歌鸾舞	拥有1个永久坐骑	5	1	2	20	-1	-1	-1	-1	-1	-1	-1	-1	-1	-1	-1	-1	-1	-1	-1	-1	-1	-1
161	永久坐骑数量	凤歌鸾舞	拥有2个永久坐骑	10	2	2	30	-1	-1	-1	-1	-1	-1	-1	-1	-1	-1	-1	-1	-1	-1	-1	-1	-1	-1
162	永久坐骑数量	凤歌鸾舞	拥有3个永久坐骑	20	3	2	50	-1	-1	-1	-1	-1	-1	-1	-1	-1	-1	-1	-1	-1	-1	-1	-1	-1	-1
163	永久坐骑数量	凤歌鸾舞	拥有5个永久坐骑	50	5	2	70	-1	-1	-1	-1	-1	-1	-1	-1	-1	-1	-1	-1	-1	-1	-1	-1	-1	-1
164	永久坐骑数量	凤歌鸾舞	拥有8个永久坐骑	80	8	2	100	-1	-1	-1	-1	-1	-1	-1	-1	-1	-1	-1	-1	-1	-1	-1	-1	-1	-1
165	永久坐骑数量	凤歌鸾舞	拥有12个永久坐骑	120	12	2	150	56673	1	-1	-1	-1	-1	-1	-1	-1	-1	-1	-1	-1	-1	-1	-1	-1	-1
166	同时拥有坐骑数	万马齐喑	同时拥有2个坐骑	2	2	2	20	-1	-1	-1	-1	-1	-1	-1	-1	-1	-1	-1	-1	-1	-1	-1	-1	-1	-1
167	同时拥有坐骑数	万马齐喑	同时拥有4个坐骑	6	4	2	30	-1	-1	-1	-1	-1	-1	-1	-1	-1	-1	-1	-1	-1	-1	-1	-1	-1	-1
168	同时拥有坐骑数	万马齐喑	同时拥有6个坐骑	10	6	2	40	-1	-1	-1	-1	-1	-1	-1	-1	-1	-1	-1	-1	-1	-1	-1	-1	-1	-1
169	同时拥有坐骑数	万马齐喑	同时拥有8个坐骑	20	8	2	50	-1	-1	-1	-1	-1	-1	-1	-1	-1	-1	-1	-1	-1	-1	-1	-1	-1	-1
170	同时拥有坐骑数	万马齐喑	同时拥有10个坐骑	50	10	2	70	-1	-1	-1	-1	-1	-1	-1	-1	-1	-1	-1	-1	-1	-1	-1	-1	-1	-1
171	同时拥有坐骑数	万马齐喑	同时拥有15个坐骑	80	15	2	90	-1	-1	-1	-1	-1	-1	-1	-1	-1	-1	-1	-1	-1	-1	-1	-1	-1	-1
172	同时拥有坐骑数	万马齐喑	同时拥有20个坐骑	120	20	2	120	56674	1	-1	-1	-1	-1	-1	-1	-1	-1	-1	-1	-1	-1	-1	-1	-1	-1
173	拥有白色品质及以上美人数量	小家碧玉	拥有4个白色品质的美人	1	4	2	20	-1	-1	-1	-1	-1	-1	-1	-1	-1	-1	-1	-1	-1	-1	-1	-1	-1	-1
174	拥有白色品质及以上美人数量	小家碧玉	拥有7个白色品质的美人	3	7	2	30	-1	-1	-1	-1	-1	-1	-1	-1	-1	-1	-1	-1	-1	-1	-1	-1	-1	-1
175	拥有白色品质及以上美人数量	小家碧玉	拥有13个白色品质的美人	5	13	2	40	-1	-1	-1	-1	-1	-1	-1	-1	-1	-1	-1	-1	-1	-1	-1	-1	-1	-1
176	拥有白色品质及以上美人数量	小家碧玉	拥有19个白色品质的美人	7	19	2	50	-1	-1	-1	-1	-1	-1	-1	-1	-1	-1	-1	-1	-1	-1	-1	-1	-1	-1
177	拥有白色品质及以上美人数量	小家碧玉	拥有24个白色品质的美人	9	24	2	60	-1	-1	-1	-1	-1	-1	-1	-1	-1	-1	-1	-1	-1	-1	-1	-1	-1	-1
178	拥有白色品质及以上美人数量	小家碧玉	拥有29个白色品质的美人	12	29	2	80	-1	-1	-1	-1	-1	-1	-1	-1	-1	-1	-1	-1	-1	-1	-1	-1	-1	-1
179	拥有蓝色品质及以上美人数量	秀色可餐	拥有4个绿色品质的美人	2	4	2	30	-1	-1	-1	-1	-1	-1	-1	-1	-1	-1	-1	-1	-1	-1	-1	-1	-1	-1
180	拥有蓝色品质及以上美人数量	秀色可餐	拥有7个绿色品质的美人	4	7	2	40	-1	-1	-1	-1	-1	-1	-1	-1	-1	-1	-1	-1	-1	-1	-1	-1	-1	-1
181	拥有蓝色品质及以上美人数量	秀色可餐	拥有13个绿色品质的美人	6	13	2	50	-1	-1	-1	-1	-1	-1	-1	-1	-1	-1	-1	-1	-1	-1	-1	-1	-1	-1
182	拥有蓝色品质及以上美人数量	秀色可餐	拥有19个绿色品质的美人	8	19	2	60	-1	-1	-1	-1	-1	-1	-1	-1	-1	-1	-1	-1	-1	-1	-1	-1	-1	-1
183	拥有蓝色品质及以上美人数量	秀色可餐	拥有24个绿色品质的美人	10	24	2	80	-1	-1	-1	-1	-1	-1	-1	-1	-1	-1	-1	-1	-1	-1	-1	-1	-1	-1
184	拥有蓝色品质及以上美人数量	秀色可餐	拥有29个绿色品质的美人	15	29	2	100	-1	-1	-1	-1	-1	-1	-1	-1	-1	-1	-1	-1	-1	-1	-1	-1	-1	-1
185	拥有蓝色品质及以上美人数量	秀外慧中	拥有4个蓝色品质的美人	8	4	2	40	-1	-1	-1	-1	-1	-1	-1	-1	-1	-1	-1	-1	-1	-1	-1	-1	-1	-1
186	拥有蓝色品质及以上美人数量	秀外慧中	拥有7个蓝色品质的美人	12	7	2	50	-1	-1	-1	-1	-1	-1	-1	-1	-1	-1	-1	-1	-1	-1	-1	-1	-1	-1
187	拥有蓝色品质及以上美人数量	秀外慧中	拥有13个蓝色品质的美人	18	13	2	60	-1	-1	-1	-1	-1	-1	-1	-1	-1	-1	-1	-1	-1	-1	-1	-1	-1	-1
188	拥有蓝色品质及以上美人数量	秀外慧中	拥有19个蓝色品质的美人	25	19	2	80	-1	-1	-1	-1	-1	-1	-1	-1	-1	-1	-1	-1	-1	-1	-1	-1	-1	-1
189	拥有蓝色品质及以上美人数量	秀外慧中	拥有24个蓝色品质的美人	32	24	2	100	-1	-1	-1	-1	-1	-1	-1	-1	-1	-1	-1	-1	-1	-1	-1	-1	-1	-1
190	拥有蓝色品质及以上美人数量	秀外慧中	拥有29个蓝色品质的美人	45	29	2	120	-1	-1	-1	-1	-1	-1	-1	-1	-1	-1	-1	-1	-1	-1	-1	-1	-1	-1
191	拥有紫色品质及以上美人数量	花容月貌	拥有4个紫色品质的美人	12	4	2	50	-1	-1	-1	-1	-1	-1	-1	-1	-1	-1	-1	-1	-1	-1	-1	-1	-1	-1
192	拥有紫色品质及以上美人数量	花容月貌	拥有7个紫色品质的美人	20	7	2	70	-1	-1	-1	-1	-1	-1	-1	-1	-1	-1	-1	-1	-1	-1	-1	-1	-1	-1
193	拥有紫色品质及以上美人数量	花容月貌	拥有13个紫色品质的美人	40	13	2	90	-1	-1	-1	-1	-1	-1	-1	-1	-1	-1	-1	-1	-1	-1	-1	-1	-1	-1
194	拥有紫色品质及以上美人数量	花容月貌	拥有19个紫色品质的美人	60	19	2	110	-1	-1	-1	-1	-1	-1	-1	-1	-1	-1	-1	-1	-1	-1	-1	-1	-1	-1
195	拥有紫色品质及以上美人数量	花容月貌	拥有24个紫色品质的美人	80	24	2	130	-1	-1	-1	-1	-1	-1	-1	-1	-1	-1	-1	-1	-1	-1	-1	-1	-1	-1
196	拥有紫色品质及以上美人数量	花容月貌	拥有29个紫色品质的美人	100	29	2	150	-1	-1	-1	-1	-1	-1	-1	-1	-1	-1	-1	-1	-1	-1	-1	-1	-1	-1
197	拥有橙色品质美人数量	倾国倾城	拥有4个橙色品质的美人	20	4	2	60	-1	-1	-1	-1	-1	-1	-1	-1	-1	-1	-1	-1	-1	-1	-1	-1	-1	-1
198	拥有橙色品质美人数量	倾国倾城	拥有7个橙色品质的美人	40	7	2	80	-1	-1	-1	-1	-1	-1	-1	-1	-1	-1	-1	-1	-1	-1	-1	-1	-1	-1
199	拥有橙色品质美人数量	倾国倾城	拥有13个橙色品质的美人	60	13	2	100	-1	-1	-1	-1	-1	-1	-1	-1	-1	-1	-1	-1	-1	-1	-1	-1	-1	-1
200	拥有橙色品质美人数量	倾国倾城	拥有19个橙色品质的美人	90	19	2	120	-1	-1	-1	-1	-1	-1	-1	-1	-1	-1	-1	-1	-1	-1	-1	-1	-1	-1
201	拥有橙色品质美人数量	倾国倾城	拥有24个橙色品质的美人	120	24	2	160	-1	-1	-1	-1	-1	-1	-1	-1	-1	-1	-1	-1	-1	-1	-1	-1	-1	-1
202	拥有橙色品质美人数量	倾国倾城	拥有29个橙色品质的美人	150	29	2	200	56675	1	-1	-1	-1	-1	-1	-1	-1	-1	-1	-1	-1	-1	-1	-1	-1	-1
203	拜访次数	三顾茅庐	普通拜访侠客10次	1	10	2	20	-1	-1	-1	-1	-1	-1	-1	-1	-1	-1	-1	-1	-1	-1	-1	-1	-1	-1
204	拜访次数	三顾茅庐	普通拜访侠客50次	8	50	2	30	-1	-1	-1	-1	-1	-1	-1	-1	-1	-1	-1	-1	-1	-1	-1	-1	-1	-1
205	拜访次数	三顾茅庐	普通拜访侠客200次	15	200	2	40	-1	-1	-1	-1	-1	-1	-1	-1	-1	-1	-1	-1	-1	-1	-1	-1	-1	-1
206	拜访次数	三顾茅庐	普通拜访侠客1000次	30	1000	2	50	-1	-1	-1	-1	-1	-1	-1	-1	-1	-1	-1	-1	-1	-1	-1	-1	-1	-1
207	拜访次数	三顾茅庐	普通拜访侠客5000次	50	5000	2	70	-1	-1	-1	-1	-1	-1	-1	-1	-1	-1	-1	-1	-1	-1	-1	-1	-1	-1
208	拜访次数	三顾茅庐	普通拜访侠客20000次	80	20000	2	100	-1	-1	-1	-1	-1	-1	-1	-1	-1	-1	-1	-1	-1	-1	-1	-1	-1	-1
209	寻侠令拜访次数	程门立雪	使用寻侠令拜访侠客1次	5	1	2	30	-1	-1	-1	-1	-1	-1	-1	-1	-1	-1	-1	-1	-1	-1	-1	-1	-1	-1
210	寻侠令拜访次数	程门立雪	使用寻侠令拜访侠客10次	10	10	2	60	-1	-1	-1	-1	-1	-1	-1	-1	-1	-1	-1	-1	-1	-1	-1	-1	-1	-1
211	寻侠令拜访次数	程门立雪	使用寻侠令拜访侠客50次	30	50	2	90	-1	-1	-1	-1	-1	-1	-1	-1	-1	-1	-1	-1	-1	-1	-1	-1	-1	-1
212	寻侠令拜访次数	程门立雪	使用寻侠令拜访侠客100次	60	100	2	120	-1	-1	-1	-1	-1	-1	-1	-1	-1	-1	-1	-1	-1	-1	-1	-1	-1	-1
213	寻侠令拜访次数	程门立雪	使用寻侠令拜访侠客200次	90	200	2	150	-1	-1	-1	-1	-1	-1	-1	-1	-1	-1	-1	-1	-1	-1	-1	-1	-1	-1
214	寻侠令拜访次数	程门立雪	使用寻侠令拜访侠客500次	120	500	2	180	-1	-1	-1	-1	-1	-1	-1	-1	-1	-1	-1	-1	-1	-1	-1	-1	-1	-1
215	同时拥有的不同红色侠客数量	满门朱紫	拥有1个红色品质侠客	5	1	2	60	-1	-1	-1	-1	-1	-1	-1	-1	-1	-1	-1	-1	-1	-1	-1	-1	-1	-1
216	同时拥有的不同红色侠客数量	满门朱紫	拥有2个红色品质侠客	8	2	2	100	-1	-1	-1	-1	-1	-1	-1	-1	-1	-1	-1	-1	-1	-1	-1	-1	-1	-1
217	同时拥有的不同橙色侠客数量	福星高照	拥有1个橙色品质侠客	2	1	2	30	-1	-1	-1	-1	-1	-1	-1	-1	-1	-1	-1	-1	-1	-1	-1	-1	-1	-1
218	同时拥有的不同橙色侠客数量	福星高照	拥有3个橙色品质侠客	5	3	2	40	-1	-1	-1	-1	-1	-1	-1	-1	-1	-1	-1	-1	-1	-1	-1	-1	-1	-1
219	同时拥有的不同橙色侠客数量	福星高照	拥有5个橙色品质侠客	8	5	2	50	-1	-1	-1	-1	-1	-1	-1	-1	-1	-1	-1	-1	-1	-1	-1	-1	-1	-1
220	同时拥有的不同橙色侠客数量	福星高照	拥有7个橙色品质侠客	12	7	2	60	-1	-1	-1	-1	-1	-1	-1	-1	-1	-1	-1	-1	-1	-1	-1	-1	-1	-1
221	同时拥有的不同橙色侠客数量	福星高照	拥有10个橙色品质侠客	16	10	2	80	-1	-1	-1	-1	-1	-1	-1	-1	-1	-1	-1	-1	-1	-1	-1	-1	-1	-1
222	开启八部属性数量	龙翔九天	解锁3个神翼属性	5	3	2	40	-1	-1	-1	-1	-1	-1	-1	-1	-1	-1	-1	-1	-1	-1	-1	-1	-1	-1
223	开启八部属性数量	龙翔九天	解锁4个神翼属性	10	4	2	60	-1	-1	-1	-1	-1	-1	-1	-1	-1	-1	-1	-1	-1	-1	-1	-1	-1	-1
224	开启八部属性数量	龙翔九天	解锁5个神翼属性	30	5	2	80	-1	-1	-1	-1	-1	-1	-1	-1	-1	-1	-1	-1	-1	-1	-1	-1	-1	-1
225	开启八部属性数量	龙翔九天	解锁6个神翼属性	90	6	2	100	-1	-1	-1	-1	-1	-1	-1	-1	-1	-1	-1	-1	-1	-1	-1	-1	-1	-1
226	开启八部属性数量	龙翔九天	解锁8个神翼属性	180	8	2	150	-1	-1	-1	-1	-1	-1	-1	-1	-1	-1	-1	-1	-1	-1	-1	-1	-1	-1
227	等级	堂高级远	角色等级达到45级	1	45	2	30	-1	-1	-1	-1	-1	-1	-1	-1	-1	-1	-1	-1	-1	-1	-1	-1	-1	-1
228	等级	堂高级远	角色等级达到50级	2	50	2	40	-1	-1	-1	-1	-1	-1	-1	-1	-1	-1	-1	-1	-1	-1	-1	-1	-1	-1
229	等级	堂高级远	角色等级达到55级	4	55	2	50	-1	-1	-1	-1	-1	-1	-1	-1	-1	-1	-1	-1	-1	-1	-1	-1	-1	-1
230	等级	堂高级远	角色等级达到60级	6	60	2	60	-1	-1	-1	-1	-1	-1	-1	-1	-1	-1	-1	-1	-1	-1	-1	-1	-1	-1
231	等级	堂高级远	角色等级达到70级	9	70	2	80	-1	-1	-1	-1	-1	-1	-1	-1	-1	-1	-1	-1	-1	-1	-1	-1	-1	-1
232	等级	堂高级远	角色等级达到80级	13	80	2	100	-1	-1	-1	-1	-1	-1	-1	-1	-1	-1	-1	-1	-1	-1	-1	-1	-1	-1
233	等级	堂高级远	角色等级达到90级	18	90	2	120	-1	-1	-1	-1	-1	-1	-1	-1	-1	-1	-1	-1	-1	-1	-1	-1	-1	-1
234	等级	堂高级远	角色等级达到100级	24	100	2	150	-1	-1	-1	-1	-1	-1	-1	-1	-1	-1	-1	-1	-1	-1	-1	-1	-1	-1
235	等级	堂高级远	角色等级达到110级	32	110	2	180	-1	-1	-1	-1	-1	-1	-1	-1	-1	-1	-1	-1	-1	-1	-1	-1	-1	-1
236	等级	堂高级远	角色等级达到120级	40	120	2	240	-1	-1	-1	-1	-1	-1	-1	-1	-1	-1	-1	-1	-1	-1	-1	-1	-1	-1
237	等级	堂高级远	角色等级达到125级	50	125	2	300	56676	1	-1	-1	-1	-1	-1	-1	-1	-1	-1	-1	-1	-1	-1	-1	-1	-1
238	除腰带外其他装备品质	金戈铁马	除腰带外其他装备达到蓝色品质	1	3	2	30	-1	-1	-1	-1	-1	-1	-1	-1	-1	-1	-1	-1	-1	-1	-1	-1	-1	-1
239	除腰带外其他装备品质	金戈铁马	除腰带外其他装备达到紫色品质	3	4	2	40	-1	-1	-1	-1	-1	-1	-1	-1	-1	-1	-1	-1	-1	-1	-1	-1	-1	-1
240	除腰带外其他装备品质	金戈铁马	除腰带外其他装备达到橙色品质	5	5	2	60	-1	-1	-1	-1	-1	-1	-1	-1	-1	-1	-1	-1	-1	-1	-1	-1	-1	-1
241	除腰带外其他装备品质	金戈铁马	除腰带外其他装备达到红色品质	8	6	2	100	-1	-1	-1	-1	-1	-1	-1	-1	-1	-1	-1	-1	-1	-1	-1	-1	-1	-1
242	腰带品质	环佩戴珏	腰带品质达到绿色品质	3	2	2	40	-1	-1	-1	-1	-1	-1	-1	-1	-1	-1	-1	-1	-1	-1	-1	-1	-1	-1
243	腰带品质	环佩戴珏	腰带品质达到蓝色品质	5	3	2	50	-1	-1	-1	-1	-1	-1	-1	-1	-1	-1	-1	-1	-1	-1	-1	-1	-1	-1
244	腰带品质	环佩戴珏	腰带品质达到紫色品质	15	4	2	60	-1	-1	-1	-1	-1	-1	-1	-1	-1	-1	-1	-1	-1	-1	-1	-1	-1	-1
245	腰带品质	环佩戴珏	腰带品质达到橙色品质	60	5	2	80	-1	-1	-1	-1	-1	-1	-1	-1	-1	-1	-1	-1	-1	-1	-1	-1	-1	-1
246	腰带品质	环佩戴珏	腰带品质达到红色品质	150	6	2	100	56677	1	-1	-1	-1	-1	-1	-1	-1	-1	-1	-1	-1	-1	-1	-1	-1	-1
247	暗器属性最高品级	寒光乍现	有达到第1品级的暗器魂石	5	1	2	40	-1	-1	-1	-1	-1	-1	-1	-1	-1	-1	-1	-1	-1	-1	-1	-1	-1	-1
248	暗器属性最高品级	寒光乍现	有达到第3品级的暗器魂石	10	3	2	60	-1	-1	-1	-1	-1	-1	-1	-1	-1	-1	-1	-1	-1	-1	-1	-1	-1	-1
249	暗器属性最高品级	寒光乍现	有达到第5品级的暗器魂石	20	5	2	80	-1	-1	-1	-1	-1	-1	-1	-1	-1	-1	-1	-1	-1	-1	-1	-1	-1	-1
250	暗器属性最高品级	寒光乍现	有达到第7品级的暗器魂石	70	7	2	100	-1	-1	-1	-1	-1	-1	-1	-1	-1	-1	-1	-1	-1	-1	-1	-1	-1	-1
251	暗器属性最高品级	寒光乍现	有达到第9品级的暗器魂石	120	9	2	120	-1	-1	-1	-1	-1	-1	-1	-1	-1	-1	-1	-1	-1	-1	-1	-1	-1	-1
252	暗器属性最高品级	寒光乍现	有达到第10品级的暗器魂石	180	10	2	150	-1	-1	-1	-1	-1	-1	-1	-1	-1	-1	-1	-1	-1	-1	-1	-1	-1	-1
253	暗器属性品级总和	伤人无形	暗器魂石品级之和达到8	5	8	2	40	-1	-1	-1	-1	-1	-1	-1	-1	-1	-1	-1	-1	-1	-1	-1	-1	-1	-1
254	暗器属性品级总和	伤人无形	暗器魂石品级之和达到12	10	12	2	60	-1	-1	-1	-1	-1	-1	-1	-1	-1	-1	-1	-1	-1	-1	-1	-1	-1	-1
255	暗器属性品级总和	伤人无形	暗器魂石品级之和达到16	60	16	2	90	-1	-1	-1	-1	-1	-1	-1	-1	-1	-1	-1	-1	-1	-1	-1	-1	-1	-1
256	暗器属性品级总和	伤人无形	暗器魂石品级之和达到24	120	24	2	120	-1	-1	-1	-1	-1	-1	-1	-1	-1	-1	-1	-1	-1	-1	-1	-1	-1	-1
257	暗器属性品级总和	伤人无形	暗器魂石品级之和达到32	200	32	2	180	-1	-1	-1	-1	-1	-1	-1	-1	-1	-1	-1	-1	-1	-1	-1	-1	-1	-1
258	暗器属性品级总和	伤人无形	暗器魂石品级之和达到40	300	40	2	240	-1	-1	-1	-1	-1	-1	-1	-1	-1	-1	-1	-1	-1	-1	-1	-1	-1	-1
259	永久时装数量	锦衣华服	拥有1件永久时装	5	1	2	30	-1	-1	-1	-1	-1	-1	-1	-1	-1	-1	-1	-1	-1	-1	-1	-1	-1	-1
260	永久时装数量	锦衣华服	拥有3件永久时装	15	3	2	40	-1	-1	-1	-1	-1	-1	-1	-1	-1	-1	-1	-1	-1	-1	-1	-1	-1	-1
261	永久时装数量	锦衣华服	拥有5件永久时装	30	5	2	50	-1	-1	-1	-1	-1	-1	-1	-1	-1	-1	-1	-1	-1	-1	-1	-1	-1	-1
262	永久时装数量	锦衣华服	拥有8件永久时装	40	8	2	70	-1	-1	-1	-1	-1	-1	-1	-1	-1	-1	-1	-1	-1	-1	-1	-1	-1	-1
263	永久时装数量	锦衣华服	拥有11件永久时装	60	11	2	90	-1	-1	-1	-1	-1	-1	-1	-1	-1	-1	-1	-1	-1	-1	-1	-1	-1	-1
264	永久时装数量	锦衣华服	拥有13件永久时装	90	13	2	120	-1	-1	-1	-1	-1	-1	-1	-1	-1	-1	-1	-1	-1	-1	-1	-1	-1	-1
265	永久时装数量	锦衣华服	拥有15件永久时装	130	15	2	150	-1	-1	-1	-1	-1	-1	-1	-1	-1	-1	-1	-1	-1	-1	-1	-1	-1	-1
266	永久时装数量	锦衣华服	拥有17件永久时装	180	17	2	180	56678	1	-1	-1	-1	-1	-1	-1	-1	-1	-1	-1	-1	-1	-1	-1	-1	-1
267	同时拥有时装数量	华服满柜	同时拥有2件时装	6	2	2	30	-1	-1	-1	-1	-1	-1	-1	-1	-1	-1	-1	-1	-1	-1	-1	-1	-1	-1
268	同时拥有时装数量	华服满柜	同时拥有4件时装	10	4	2	40	-1	-1	-1	-1	-1	-1	-1	-1	-1	-1	-1	-1	-1	-1	-1	-1	-1	-1
269	同时拥有时装数量	华服满柜	同时拥有6件时装	20	6	2	60	-1	-1	-1	-1	-1	-1	-1	-1	-1	-1	-1	-1	-1	-1	-1	-1	-1	-1
270	同时拥有时装数量	华服满柜	同时拥有8件时装	50	8	2	80	-1	-1	-1	-1	-1	-1	-1	-1	-1	-1	-1	-1	-1	-1	-1	-1	-1	-1
271	同时拥有时装数量	华服满柜	同时拥有12件时装	80	12	2	100	-1	-1	-1	-1	-1	-1	-1	-1	-1	-1	-1	-1	-1	-1	-1	-1	-1	-1
272	同时拥有时装数量	华服满柜	同时拥有17件时装	120	17	2	120	56679	1	-1	-1	-1	-1	-1	-1	-1	-1	-1	-1	-1	-1	-1	-1	-1	-1
273	镶嵌宝石数量	物尽其用	镶嵌2颗宝石	1	2	2	20	-1	-1	-1	-1	-1	-1	-1	-1	-1	-1	-1	-1	-1	-1	-1	-1	-1	-1
274	镶嵌宝石数量	物尽其用	镶嵌4颗宝石	1	4	2	20	-1	-1	-1	-1	-1	-1	-1	-1	-1	-1	-1	-1	-1	-1	-1	-1	-1	-1
275	镶嵌宝石数量	物尽其用	镶嵌10颗宝石	2	10	2	30	-1	-1	-1	-1	-1	-1	-1	-1	-1	-1	-1	-1	-1	-1	-1	-1	-1	-1
276	镶嵌宝石数量	物尽其用	镶嵌20颗宝石	3	20	2	30	-1	-1	-1	-1	-1	-1	-1	-1	-1	-1	-1	-1	-1	-1	-1	-1	-1	-1
277	镶嵌宝石数量	物尽其用	镶嵌40颗宝石	5	40	2	40	-1	-1	-1	-1	-1	-1	-1	-1	-1	-1	-1	-1	-1	-1	-1	-1	-1	-1
278	镶嵌宝石数量	物尽其用	镶嵌49颗宝石	8	49	2	40	-1	-1	-1	-1	-1	-1	-1	-1	-1	-1	-1	-1	-1	-1	-1	-1	-1	-1
279	镶嵌蓝色及以上宝石数量	光彩夺目	镶嵌2颗蓝色品质宝石	3	2	2	30	-1	-1	-1	-1	-1	-1	-1	-1	-1	-1	-1	-1	-1	-1	-1	-1	-1	-1
280	镶嵌蓝色及以上宝石数量	光彩夺目	镶嵌4颗蓝色品质宝石	5	4	2	30	-1	-1	-1	-1	-1	-1	-1	-1	-1	-1	-1	-1	-1	-1	-1	-1	-1	-1
281	镶嵌蓝色及以上宝石数量	光彩夺目	镶嵌10颗蓝色品质宝石	10	10	2	40	-1	-1	-1	-1	-1	-1	-1	-1	-1	-1	-1	-1	-1	-1	-1	-1	-1	-1
282	镶嵌蓝色及以上宝石数量	光彩夺目	镶嵌20颗蓝色品质宝石	18	20	2	40	-1	-1	-1	-1	-1	-1	-1	-1	-1	-1	-1	-1	-1	-1	-1	-1	-1	-1
283	镶嵌蓝色及以上宝石数量	光彩夺目	镶嵌40颗蓝色品质宝石	30	40	2	50	-1	-1	-1	-1	-1	-1	-1	-1	-1	-1	-1	-1	-1	-1	-1	-1	-1	-1
284	镶嵌蓝色及以上宝石数量	光彩夺目	镶嵌49颗蓝色品质宝石	40	49	2	50	-1	-1	-1	-1	-1	-1	-1	-1	-1	-1	-1	-1	-1	-1	-1	-1	-1	-1
285	镶嵌紫色及以上宝石数量	晶莹璀璨	镶嵌2颗紫色品质宝石	12	2	2	40	-1	-1	-1	-1	-1	-1	-1	-1	-1	-1	-1	-1	-1	-1	-1	-1	-1	-1
286	镶嵌紫色及以上宝石数量	晶莹璀璨	镶嵌4颗紫色品质宝石	20	4	2	40	-1	-1	-1	-1	-1	-1	-1	-1	-1	-1	-1	-1	-1	-1	-1	-1	-1	-1
287	镶嵌紫色及以上宝石数量	晶莹璀璨	镶嵌10颗紫色品质宝石	40	10	2	50	-1	-1	-1	-1	-1	-1	-1	-1	-1	-1	-1	-1	-1	-1	-1	-1	-1	-1
288	镶嵌紫色及以上宝石数量	晶莹璀璨	镶嵌20颗紫色品质宝石	72	20	2	50	-1	-1	-1	-1	-1	-1	-1	-1	-1	-1	-1	-1	-1	-1	-1	-1	-1	-1
289	镶嵌紫色及以上宝石数量	晶莹璀璨	镶嵌40颗紫色品质宝石	120	40	2	60	-1	-1	-1	-1	-1	-1	-1	-1	-1	-1	-1	-1	-1	-1	-1	-1	-1	-1
290	镶嵌紫色及以上宝石数量	晶莹璀璨	镶嵌49颗紫色品质宝石	160	49	2	60	56680	1	-1	-1	-1	-1	-1	-1	-1	-1	-1	-1	-1	-1	-1	-1	-1	-1
291	镶嵌橙色宝石数量	珠光宝气	镶嵌2颗橙色品质宝石	30	2	2	50	-1	-1	-1	-1	-1	-1	-1	-1	-1	-1	-1	-1	-1	-1	-1	-1	-1	-1
292	镶嵌橙色宝石数量	珠光宝气	镶嵌4颗橙色品质宝石	50	4	2	50	-1	-1	-1	-1	-1	-1	-1	-1	-1	-1	-1	-1	-1	-1	-1	-1	-1	-1
293	镶嵌橙色宝石数量	珠光宝气	镶嵌10颗橙色品质宝石	100	10	2	60	-1	-1	-1	-1	-1	-1	-1	-1	-1	-1	-1	-1	-1	-1	-1	-1	-1	-1
294	镶嵌橙色宝石数量	珠光宝气	镶嵌20颗橙色品质宝石	180	20	2	60	-1	-1	-1	-1	-1	-1	-1	-1	-1	-1	-1	-1	-1	-1	-1	-1	-1	-1
295	镶嵌橙色宝石数量	珠光宝气	镶嵌40颗橙色品质宝石	300	40	2	80	-1	-1	-1	-1	-1	-1	-1	-1	-1	-1	-1	-1	-1	-1	-1	-1	-1	-1
296	镶嵌橙色宝石数量	珠光宝气	镶嵌49颗橙色品质宝石	400	49	2	80	56681	1	-1	-1	-1	-1	-1	-1	-1	-1	-1	-1	-1	-1	-1	-1	-1	-1
297	单个技能最高等级	博采众长	有达到2的主动或被动技能	1	2	2	20	-1	-1	-1	-1	-1	-1	-1	-1	-1	-1	-1	-1	-1	-1	-1	-1	-1	-1
298	单个技能最高等级	博采众长	有达到4的主动或被动技能	2	4	2	30	-1	-1	-1	-1	-1	-1	-1	-1	-1	-1	-1	-1	-1	-1	-1	-1	-1	-1
299	单个技能最高等级	博采众长	有达到6的主动或被动技能	3	6	2	40	-1	-1	-1	-1	-1	-1	-1	-1	-1	-1	-1	-1	-1	-1	-1	-1	-1	-1
300	单个技能最高等级	博采众长	有达到8的主动或被动技能	4	8	2	50	-1	-1	-1	-1	-1	-1	-1	-1	-1	-1	-1	-1	-1	-1	-1	-1	-1	-1
301	单个技能最高等级	博采众长	有达到10的主动或被动技能	6	10	2	60	-1	-1	-1	-1	-1	-1	-1	-1	-1	-1	-1	-1	-1	-1	-1	-1	-1	-1
302	全部主动技能等级总和	器宇不凡	主动技能等级之和达到20	2	20	2	30	-1	-1	-1	-1	-1	-1	-1	-1	-1	-1	-1	-1	-1	-1	-1	-1	-1	-1
303	全部主动技能等级总和	器宇不凡	主动技能等级之和达到30	2	30	2	40	-1	-1	-1	-1	-1	-1	-1	-1	-1	-1	-1	-1	-1	-1	-1	-1	-1	-1
304	全部主动技能等级总和	器宇不凡	主动技能等级之和达到40	2	40	2	50	-1	-1	-1	-1	-1	-1	-1	-1	-1	-1	-1	-1	-1	-1	-1	-1	-1	-1
305	全部主动技能等级总和	器宇不凡	主动技能等级之和达到50	3	50	2	65	-1	-1	-1	-1	-1	-1	-1	-1	-1	-1	-1	-1	-1	-1	-1	-1	-1	-1
306	全部主动技能等级总和	器宇不凡	主动技能等级之和达到60	4	60	2	80	-1	-1	-1	-1	-1	-1	-1	-1	-1	-1	-1	-1	-1	-1	-1	-1	-1	-1
307	全部被动技能等级总和	腹有诗书	被动技能等级之和达到4	2	4	2	30	-1	-1	-1	-1	-1	-1	-1	-1	-1	-1	-1	-1	-1	-1	-1	-1	-1	-1
308	全部被动技能等级总和	腹有诗书	被动技能等级之和达到8	4	8	2	40	-1	-1	-1	-1	-1	-1	-1	-1	-1	-1	-1	-1	-1	-1	-1	-1	-1	-1
309	全部被动技能等级总和	腹有诗书	被动技能等级之和达到12	6	12	2	50	-1	-1	-1	-1	-1	-1	-1	-1	-1	-1	-1	-1	-1	-1	-1	-1	-1	-1
310	全部被动技能等级总和	腹有诗书	被动技能等级之和达到16	8	16	2	65	-1	-1	-1	-1	-1	-1	-1	-1	-1	-1	-1	-1	-1	-1	-1	-1	-1	-1
311	全部被动技能等级总和	腹有诗书	被动技能等级之和达到20	10	20	2	80	-1	-1	-1	-1	-1	-1	-1	-1	-1	-1	-1	-1	-1	-1	-1	-1	-1	-1
312	（废弃）可使用的背包格数	千仓万箱	（废弃）背包中可用的格数达到65格	2	65	2	20	-1	-1	-1	-1	-1	-1	-1	-1	-1	-1	-1	-1	-1	-1	-1	-1	-1	-1
313	可使用的背包格数	千仓万箱	背包中可用的格数达到70格	3	70	2	30	-1	-1	-1	-1	-1	-1	-1	-1	-1	-1	-1	-1	-1	-1	-1	-1	-1	-1
314	可使用的背包格数	千仓万箱	背包中可用的格数达到80格	4	80	2	40	-1	-1	-1	-1	-1	-1	-1	-1	-1	-1	-1	-1	-1	-1	-1	-1	-1	-1
315	可使用的背包格数	千仓万箱	背包中可用的格数达到90格	6	90	2	60	-1	-1	-1	-1	-1	-1	-1	-1	-1	-1	-1	-1	-1	-1	-1	-1	-1	-1
316	开启随身仓库	形影不离	开启随身仓库功能	2	1	2	50	-1	-1	-1	-1	-1	-1	-1	-1	-1	-1	-1	-1	-1	-1	-1	-1	-1	-1
317	仓库页数	仓箱可期	仓库可用页数达到3页	2	3	2	20	-1	-1	-1	-1	-1	-1	-1	-1	-1	-1	-1	-1	-1	-1	-1	-1	-1	-1
318	仓库页数	仓箱可期	仓库可用页数达到4页	4	4	2	30	-1	-1	-1	-1	-1	-1	-1	-1	-1	-1	-1	-1	-1	-1	-1	-1	-1	-1
319	仓库页数	仓箱可期	仓库可用页数达到5页	6	5	2	40	-1	-1	-1	-1	-1	-1	-1	-1	-1	-1	-1	-1	-1	-1	-1	-1	-1	-1
320	仓库页数	仓箱可期	仓库可用页数达到7页	8	7	2	60	-1	-1	-1	-1	-1	-1	-1	-1	-1	-1	-1	-1	-1	-1	-1	-1	-1	-1
321	仓库页数	仓箱可期	仓库可用页数达到9页	10	9	2	90	-1	-1	-1	-1	-1	-1	-1	-1	-1	-1	-1	-1	-1	-1	-1	-1	-1	-1
322	最高的强化等级	惟精惟一	拥有强化等级达到5级的装备	1	5	2	20	-1	-1	-1	-1	-1	-1	-1	-1	-1	-1	-1	-1	-1	-1	-1	-1	-1	-1
323	最高的强化等级	惟精惟一	拥有强化等级达到15级的装备	3	15	2	30	-1	-1	-1	-1	-1	-1	-1	-1	-1	-1	-1	-1	-1	-1	-1	-1	-1	-1
324	最高的强化等级	惟精惟一	拥有强化等级达到35级的装备	5	35	2	40	-1	-1	-1	-1	-1	-1	-1	-1	-1	-1	-1	-1	-1	-1	-1	-1	-1	-1
325	最高的强化等级	惟精惟一	拥有强化等级达到55级的装备	10	55	2	50	-1	-1	-1	-1	-1	-1	-1	-1	-1	-1	-1	-1	-1	-1	-1	-1	-1	-1
326	最高的强化等级	惟精惟一	拥有强化等级达到65级的装备	30	65	2	70	-1	-1	-1	-1	-1	-1	-1	-1	-1	-1	-1	-1	-1	-1	-1	-1	-1	-1
327	最高的强化等级	惟精惟一	拥有强化等级达到75级的装备	50	75	2	90	-1	-1	-1	-1	-1	-1	-1	-1	-1	-1	-1	-1	-1	-1	-1	-1	-1	-1
328	最高的强化等级	惟精惟一	拥有强化等级达到85级的装备	80	85	2	120	-1	-1	-1	-1	-1	-1	-1	-1	-1	-1	-1	-1	-1	-1	-1	-1	-1	-1
329	最高的强化等级	惟精惟一	拥有强化等级达到100级的装备	120	100	2	150	-1	-1	-1	-1	-1	-1	-1	-1	-1	-1	-1	-1	-1	-1	-1	-1	-1	-1
330	强化总等级	能工巧匠	装备强化总等级达到70	2	70	2	30	-1	-1	-1	-1	-1	-1	-1	-1	-1	-1	-1	-1	-1	-1	-1	-1	-1	-1
331	强化总等级	能工巧匠	装备强化总等级达到140	4	140	2	40	-1	-1	-1	-1	-1	-1	-1	-1	-1	-1	-1	-1	-1	-1	-1	-1	-1	-1
332	强化总等级	能工巧匠	装备强化总等级达到210	6	210	2	50	-1	-1	-1	-1	-1	-1	-1	-1	-1	-1	-1	-1	-1	-1	-1	-1	-1	-1
333	强化总等级	能工巧匠	装备强化总等级达到280	10	280	2	60	-1	-1	-1	-1	-1	-1	-1	-1	-1	-1	-1	-1	-1	-1	-1	-1	-1	-1
334	强化总等级	能工巧匠	装备强化总等级达到360	20	360	2	80	-1	-1	-1	-1	-1	-1	-1	-1	-1	-1	-1	-1	-1	-1	-1	-1	-1	-1
335	强化总等级	能工巧匠	装备强化总等级达到450	40	450	2	100	-1	-1	-1	-1	-1	-1	-1	-1	-1	-1	-1	-1	-1	-1	-1	-1	-1	-1
336	强化总等级	能工巧匠	装备强化总等级达到600	60	600	2	120	-1	-1	-1	-1	-1	-1	-1	-1	-1	-1	-1	-1	-1	-1	-1	-1	-1	-1
337	强化总等级	能工巧匠	装备强化总等级达到750	100	750	2	160	-1	-1	-1	-1	-1	-1	-1	-1	-1	-1	-1	-1	-1	-1	-1	-1	-1	-1
338	强化总等级	能工巧匠	装备强化总等级达到900	150	900	2	200	-1	-1	-1	-1	-1	-1	-1	-1	-1	-1	-1	-1	-1	-1	-1	-1	-1	-1
339	最高的打星星级	昆山片玉	有装备打星星级达到白色6星	2	6	2	30	-1	-1	-1	-1	-1	-1	-1	-1	-1	-1	-1	-1	-1	-1	-1	-1	-1	-1
340	最高的打星星级	昆山片玉	有装备打星星级达到绿色1星	8	12	2	50	-1	-1	-1	-1	-1	-1	-1	-1	-1	-1	-1	-1	-1	-1	-1	-1	-1	-1
341	最高的打星星级	昆山片玉	有装备打星星级达到蓝色1星	20	24	2	70	-1	-1	-1	-1	-1	-1	-1	-1	-1	-1	-1	-1	-1	-1	-1	-1	-1	-1
342	最高的打星星级	昆山片玉	有装备打星星级达到紫色1星	50	36	2	90	-1	-1	-1	-1	-1	-1	-1	-1	-1	-1	-1	-1	-1	-1	-1	-1	-1	-1
343	最高的打星星级	昆山片玉	有装备打星星级达到橙色1星	80	48	2	120	-1	-1	-1	-1	-1	-1	-1	-1	-1	-1	-1	-1	-1	-1	-1	-1	-1	-1
344	最高的打星星级	昆山片玉	有装备打星星级达到橙色12星	120	60	2	160	-1	-1	-1	-1	-1	-1	-1	-1	-1	-1	-1	-1	-1	-1	-1	-1	-1	-1
345	打星总星级	精金良玉	装备总打星星级达到24	3	24	2	40	-1	-1	-1	-1	-1	-1	-1	-1	-1	-1	-1	-1	-1	-1	-1	-1	-1	-1
346	打星总星级	精金良玉	装备总打星星级达到60	10	60	2	50	-1	-1	-1	-1	-1	-1	-1	-1	-1	-1	-1	-1	-1	-1	-1	-1	-1	-1
347	打星总星级	精金良玉	装备总打星星级达到120	20	120	2	60	-1	-1	-1	-1	-1	-1	-1	-1	-1	-1	-1	-1	-1	-1	-1	-1	-1	-1
348	打星总星级	精金良玉	装备总打星星级达到180	40	180	2	70	-1	-1	-1	-1	-1	-1	-1	-1	-1	-1	-1	-1	-1	-1	-1	-1	-1	-1
349	打星总星级	精金良玉	装备总打星星级达到270	60	270	2	90	-1	-1	-1	-1	-1	-1	-1	-1	-1	-1	-1	-1	-1	-1	-1	-1	-1	-1
350	打星总星级	精金良玉	装备总打星星级达到360	90	360	2	120	-1	-1	-1	-1	-1	-1	-1	-1	-1	-1	-1	-1	-1	-1	-1	-1	-1	-1
351	打星总星级	精金良玉	装备总打星星级达到450	120	450	2	150	-1	-1	-1	-1	-1	-1	-1	-1	-1	-1	-1	-1	-1	-1	-1	-1	-1	-1
352	打星总星级	精金良玉	装备总打星星级达到540	160	540	2	200	-1	-1	-1	-1	-1	-1	-1	-1	-1	-1	-1	-1	-1	-1	-1	-1	-1	-1
353	神器3条指定品质及以上的属性	炉火纯青	神器三条属性均达到绿色品质	2	2	2	40	-1	-1	-1	-1	-1	-1	-1	-1	-1	-1	-1	-1	-1	-1	-1	-1	-1	-1
354	神器3条指定品质及以上的属性	炉火纯青	神器三条属性均达到蓝色品质	10	3	2	60	-1	-1	-1	-1	-1	-1	-1	-1	-1	-1	-1	-1	-1	-1	-1	-1	-1	-1
355	神器3条指定品质及以上的属性	炉火纯青	神器三条属性均达到紫色品质	25	4	2	90	-1	-1	-1	-1	-1	-1	-1	-1	-1	-1	-1	-1	-1	-1	-1	-1	-1	-1
356	神器3条指定品质及以上的属性	炉火纯青	神器三条属性均达到橙色品质	60	5	2	120	-1	-1	-1	-1	-1	-1	-1	-1	-1	-1	-1	-1	-1	-1	-1	-1	-1	-1
357	神器技能等级	神乎其技	神器技能等级达到2级	2	2	2	20	-1	-1	-1	-1	-1	-1	-1	-1	-1	-1	-1	-1	-1	-1	-1	-1	-1	-1
358	神器技能等级	神乎其技	神器技能等级达到3级	8	3	2	40	-1	-1	-1	-1	-1	-1	-1	-1	-1	-1	-1	-1	-1	-1	-1	-1	-1	-1
359	神器技能等级	神乎其技	神器技能等级达到5级	20	5	2	60	-1	-1	-1	-1	-1	-1	-1	-1	-1	-1	-1	-1	-1	-1	-1	-1	-1	-1
360	神器技能等级	神乎其技	神器技能等级达到7级	40	7	2	90	-1	-1	-1	-1	-1	-1	-1	-1	-1	-1	-1	-1	-1	-1	-1	-1	-1	-1
361	神器技能等级	神乎其技	神器技能等级达到10级	80	10	2	120	-1	-1	-1	-1	-1	-1	-1	-1	-1	-1	-1	-1	-1	-1	-1	-1	-1	-1
362	神装最高养成品级	巧夺天工	有达到2品的神装养成属性	2	2	2	30	-1	-1	-1	-1	-1	-1	-1	-1	-1	-1	-1	-1	-1	-1	-1	-1	-1	-1
363	神装最高养成品级	巧夺天工	有达到4品的神装养成属性	8	4	2	50	-1	-1	-1	-1	-1	-1	-1	-1	-1	-1	-1	-1	-1	-1	-1	-1	-1	-1
364	神装最高养成品级	巧夺天工	有达到6品的神装养成属性	20	6	2	70	-1	-1	-1	-1	-1	-1	-1	-1	-1	-1	-1	-1	-1	-1	-1	-1	-1	-1
365	神装最高养成品级	巧夺天工	有达到10品的神装养成属性	50	10	2	90	-1	-1	-1	-1	-1	-1	-1	-1	-1	-1	-1	-1	-1	-1	-1	-1	-1	-1
366	神装最高养成品级	巧夺天工	有达到15品的神装养成属性	80	15	2	120	-1	-1	-1	-1	-1	-1	-1	-1	-1	-1	-1	-1	-1	-1	-1	-1	-1	-1
367	神装最高养成品级	巧夺天工	有达到20品的神装养成属性	120	20	2	160	-1	-1	-1	-1	-1	-1	-1	-1	-1	-1	-1	-1	-1	-1	-1	-1	-1	-1
368	神装养成总品级	绝世超伦	神装属性养成总品级达到27	5	27	2	20	-1	-1	-1	-1	-1	-1	-1	-1	-1	-1	-1	-1	-1	-1	-1	-1	-1	-1
369	神装养成总品级	绝世超伦	神装属性养成总品级达到60	15	60	2	30	-1	-1	-1	-1	-1	-1	-1	-1	-1	-1	-1	-1	-1	-1	-1	-1	-1	-1
370	神装养成总品级	绝世超伦	神装属性养成总品级达到120	40	120	2	50	-1	-1	-1	-1	-1	-1	-1	-1	-1	-1	-1	-1	-1	-1	-1	-1	-1	-1
371	神装养成总品级	绝世超伦	神装属性养成总品级达到200	60	200	2	80	-1	-1	-1	-1	-1	-1	-1	-1	-1	-1	-1	-1	-1	-1	-1	-1	-1	-1
372	神装养成总品级	绝世超伦	神装属性养成总品级达到320	90	320	2	120	-1	-1	-1	-1	-1	-1	-1	-1	-1	-1	-1	-1	-1	-1	-1	-1	-1	-1
373	神装养成总品级	绝世超伦	神装属性养成总品级达到400	120	400	2	160	-1	-1	-1	-1	-1	-1	-1	-1	-1	-1	-1	-1	-1	-1	-1	-1	-1	-1
374	神装养成总品级	绝世超伦	神装属性养成总品级达到480	160	480	2	200	56682	1	-1	-1	-1	-1	-1	-1	-1	-1	-1	-1	-1	-1	-1	-1	-1	-1
375	经脉层数	融会贯通	打通经脉层数达到20	2	20	2	20	-1	-1	-1	-1	-1	-1	-1	-1	-1	-1	-1	-1	-1	-1	-1	-1	-1	-1
376	经脉层数	融会贯通	打通经脉层数达到40	5	40	2	30	-1	-1	-1	-1	-1	-1	-1	-1	-1	-1	-1	-1	-1	-1	-1	-1	-1	-1
377	经脉层数	融会贯通	打通经脉层数达到80	10	80	2	40	-1	-1	-1	-1	-1	-1	-1	-1	-1	-1	-1	-1	-1	-1	-1	-1	-1	-1
378	经脉层数	融会贯通	打通经脉层数达到160	20	160	2	60	-1	-1	-1	-1	-1	-1	-1	-1	-1	-1	-1	-1	-1	-1	-1	-1	-1	-1
379	经脉层数	融会贯通	打通经脉层数达到240	40	240	2	90	-1	-1	-1	-1	-1	-1	-1	-1	-1	-1	-1	-1	-1	-1	-1	-1	-1	-1
380	经脉层数	融会贯通	打通经脉层数达到360	60	360	2	120	-1	-1	-1	-1	-1	-1	-1	-1	-1	-1	-1	-1	-1	-1	-1	-1	-1	-1
381	经脉层数	融会贯通	打通经脉层数达到480	80	480	2	150	-1	-1	-1	-1	-1	-1	-1	-1	-1	-1	-1	-1	-1	-1	-1	-1	-1	-1
382	经脉层数	融会贯通	打通经脉层数达到600	100	600	2	180	-1	-1	-1	-1	-1	-1	-1	-1	-1	-1	-1	-1	-1	-1	-1	-1	-1	-1
383	经脉层数	融会贯通	打通经脉层数达到750	120	750	2	240	-1	-1	-1	-1	-1	-1	-1	-1	-1	-1	-1	-1	-1	-1	-1	-1	-1	-1
384	经脉层数	融会贯通	打通经脉层数达到1000	150	1000	2	300	56683	1	-1	-1	-1	-1	-1	-1	-1	-1	-1	-1	-1	-1	-1	-1	-1	-1
385	完成日常任务数量	兢兢业业	完成日常任务20次	1	20	2	20	-1	-1	-1	-1	-1	-1	-1	-1	-1	-1	-1	-1	-1	-1	-1	-1	-1	-1
386	完成日常任务数量	兢兢业业	完成日常任务50次	2	50	2	30	-1	-1	-1	-1	-1	-1	-1	-1	-1	-1	-1	-1	-1	-1	-1	-1	-1	-1
387	完成日常任务数量	兢兢业业	完成日常任务100次	4	100	2	40	-1	-1	-1	-1	-1	-1	-1	-1	-1	-1	-1	-1	-1	-1	-1	-1	-1	-1
388	完成日常任务数量	兢兢业业	完成日常任务200次	6	200	2	60	-1	-1	-1	-1	-1	-1	-1	-1	-1	-1	-1	-1	-1	-1	-1	-1	-1	-1
389	完成日常任务数量	兢兢业业	完成日常任务400次	9	400	2	90	-1	-1	-1	-1	-1	-1	-1	-1	-1	-1	-1	-1	-1	-1	-1	-1	-1	-1
390	完成日常任务数量	兢兢业业	完成日常任务600次	12	600	2	120	-1	-1	-1	-1	-1	-1	-1	-1	-1	-1	-1	-1	-1	-1	-1	-1	-1	-1
391	完成日常任务数量	兢兢业业	完成日常任务900次	16	900	2	150	-1	-1	-1	-1	-1	-1	-1	-1	-1	-1	-1	-1	-1	-1	-1	-1	-1	-1
392	完成日常任务数量	兢兢业业	完成日常任务1200次	20	1200	2	180	-1	-1	-1	-1	-1	-1	-1	-1	-1	-1	-1	-1	-1	-1	-1	-1	-1	-1
393	完成日常任务数量	兢兢业业	完成日常任务1600次	25	1600	2	240	-1	-1	-1	-1	-1	-1	-1	-1	-1	-1	-1	-1	-1	-1	-1	-1	-1	-1
394	完成日常任务数量	兢兢业业	完成日常任务2000次	30	2000	2	300	56684	1	-1	-1	-1	-1	-1	-1	-1	-1	-1	-1	-1	-1	-1	-1	-1	-1
395	单日达到活跃度数量	风光无两	单日活跃度达到10点	2	10	2	20	-1	-1	-1	-1	-1	-1	-1	-1	-1	-1	-1	-1	-1	-1	-1	-1	-1	-1
396	单日达到活跃度数量	风光无两	单日活跃度达到50点	2	50	2	30	-1	-1	-1	-1	-1	-1	-1	-1	-1	-1	-1	-1	-1	-1	-1	-1	-1	-1
397	单日达到活跃度数量	风光无两	单日活跃度达到90点	3	90	2	50	-1	-1	-1	-1	-1	-1	-1	-1	-1	-1	-1	-1	-1	-1	-1	-1	-1	-1
398	单日达到活跃度数量	风光无两	单日活跃度达到160点	4	160	2	70	-1	-1	-1	-1	-1	-1	-1	-1	-1	-1	-1	-1	-1	-1	-1	-1	-1	-1
399	单日达到活跃度数量	风光无两	单日活跃度达到200点	5	200	2	90	-1	-1	-1	-1	-1	-1	-1	-1	-1	-1	-1	-1	-1	-1	-1	-1	-1	-1
400	单日达到活跃度数量	风光无两	单日活跃度达到240点	6	240	2	120	-1	-1	-1	-1	-1	-1	-1	-1	-1	-1	-1	-1	-1	-1	-1	-1	-1	-1
401	藏经阁层数	得道之人	通关藏经阁第20层	1	20	2	20	-1	-1	-1	-1	-1	-1	-1	-1	-1	-1	-1	-1	-1	-1	-1	-1	-1	-1
402	藏经阁层数	得道之人	通关藏经阁第35层	2	35	2	30	-1	-1	-1	-1	-1	-1	-1	-1	-1	-1	-1	-1	-1	-1	-1	-1	-1	-1
403	藏经阁层数	得道之人	通关藏经阁第50层	3	50	2	40	-1	-1	-1	-1	-1	-1	-1	-1	-1	-1	-1	-1	-1	-1	-1	-1	-1	-1
404	藏经阁层数	得道之人	通关藏经阁第60层	4	60	2	50	-1	-1	-1	-1	-1	-1	-1	-1	-1	-1	-1	-1	-1	-1	-1	-1	-1	-1
405	藏经阁层数	得道之人	通关藏经阁第70层	5	70	2	60	-1	-1	-1	-1	-1	-1	-1	-1	-1	-1	-1	-1	-1	-1	-1	-1	-1	-1
406	藏经阁层数	得道之人	通关藏经阁第80层	8	80	2	80	-1	-1	-1	-1	-1	-1	-1	-1	-1	-1	-1	-1	-1	-1	-1	-1	-1	-1
407	藏经阁层数	得道之人	通关藏经阁第85层	10	85	2	100	-1	-1	-1	-1	-1	-1	-1	-1	-1	-1	-1	-1	-1	-1	-1	-1	-1	-1
408	藏经阁层数	得道之人	通关藏经阁第90层	15	90	2	120	-1	-1	-1	-1	-1	-1	-1	-1	-1	-1	-1	-1	-1	-1	-1	-1	-1	-1
409	藏经阁层数	得道之人	通关藏经阁第95层	21	95	2	160	-1	-1	-1	-1	-1	-1	-1	-1	-1	-1	-1	-1	-1	-1	-1	-1	-1	-1
410	藏经阁层数	得道之人	通关藏经阁第99层	30	99	2	200	-1	-1	-1	-1	-1	-1	-1	-1	-1	-1	-1	-1	-1	-1	-1	-1	-1	-1
411	S级评价通关燕子坞单人模式	以彼之道	五星通关普通单人燕子坞副本	2	1	2	20	-1	-1	-1	-1	-1	-1	-1	-1	-1	-1	-1	-1	-1	-1	-1	-1	-1	-1
412	S级评价通关燕子坞单人模式	以彼之道	五星通关困难单人燕子坞副本	4	2	2	20	-1	-1	-1	-1	-1	-1	-1	-1	-1	-1	-1	-1	-1	-1	-1	-1	-1	-1
413	S级评价通关燕子坞单人模式	以彼之道	五星通关挑战单人燕子坞副本	6	3	2	40	-1	-1	-1	-1	-1	-1	-1	-1	-1	-1	-1	-1	-1	-1	-1	-1	-1	-1
414	S级评价通关聚贤庄单人模式	义薄云天	五星通关普通单人聚贤庄副本	1	1	2	20	-1	-1	-1	-1	-1	-1	-1	-1	-1	-1	-1	-1	-1	-1	-1	-1	-1	-1
415	S级评价通关聚贤庄单人模式	义薄云天	五星通关困难单人聚贤庄副本	2	2	2	20	-1	-1	-1	-1	-1	-1	-1	-1	-1	-1	-1	-1	-1	-1	-1	-1	-1	-1
416	S级评价通关聚贤庄单人模式	义薄云天	五星通关挑战单人聚贤庄副本	3	3	2	40	-1	-1	-1	-1	-1	-1	-1	-1	-1	-1	-1	-1	-1	-1	-1	-1	-1	-1
417	S级评价通关珍珑棋局单人模式	淡泊名利	五星通关普通单人珍珑棋局副本	3	1	2	60	-1	-1	-1	-1	-1	-1	-1	-1	-1	-1	-1	-1	-1	-1	-1	-1	-1	-1
418	S级评价通关珍珑棋局单人模式	淡泊名利	五星通关困难单人珍珑棋局副本	6	2	2	60	-1	-1	-1	-1	-1	-1	-1	-1	-1	-1	-1	-1	-1	-1	-1	-1	-1	-1
419	S级评价通关珍珑棋局单人模式	淡泊名利	五星通关挑战单人珍珑棋局副本	9	3	2	80	56685	1	-1	-1	-1	-1	-1	-1	-1	-1	-1	-1	-1	-1	-1	-1	-1	-1
420	S级评价通关燕王古墓单人模式	发丘之印	五星通关普通单人燕王古墓副本	1	1	2	40	-1	-1	-1	-1	-1	-1	-1	-1	-1	-1	-1	-1	-1	-1	-1	-1	-1	-1
421	S级评价通关燕王古墓单人模式	发丘之印	五星通关困难单人燕王古墓副本	2	2	2	40	-1	-1	-1	-1	-1	-1	-1	-1	-1	-1	-1	-1	-1	-1	-1	-1	-1	-1
422	S级评价通关燕王古墓单人模式	发丘之印	五星通关挑战单人燕王古墓副本	3	3	2	40	-1	-1	-1	-1	-1	-1	-1	-1	-1	-1	-1	-1	-1	-1	-1	-1	-1	-1
423	S级评价通关燕子坞组队模式	还施彼身	五星通关普通组队燕子坞副本	2	1	2	60	-1	-1	-1	-1	-1	-1	-1	-1	-1	-1	-1	-1	-1	-1	-1	-1	-1	-1
424	S级评价通关燕子坞组队模式	还施彼身	五星通关困难组队燕子坞副本	4	2	2	40	-1	-1	-1	-1	-1	-1	-1	-1	-1	-1	-1	-1	-1	-1	-1	-1	-1	-1
425	S级评价通关燕子坞组队模式	还施彼身	五星通关挑战组队燕子坞副本	6	3	2	60	-1	-1	-1	-1	-1	-1	-1	-1	-1	-1	-1	-1	-1	-1	-1	-1	-1	-1
426	S级评价通关聚贤庄组队模式	力战群雄	五星通关普通组队聚贤庄副本	1	1	2	20	-1	-1	-1	-1	-1	-1	-1	-1	-1	-1	-1	-1	-1	-1	-1	-1	-1	-1
427	S级评价通关聚贤庄组队模式	力战群雄	五星通关困难组队聚贤庄副本	2	2	2	20	-1	-1	-1	-1	-1	-1	-1	-1	-1	-1	-1	-1	-1	-1	-1	-1	-1	-1
428	S级评价通关聚贤庄组队模式	力战群雄	五星通关挑战组队聚贤庄副本	3	3	2	40	-1	-1	-1	-1	-1	-1	-1	-1	-1	-1	-1	-1	-1	-1	-1	-1	-1	-1
429	S级评价通关珍珑棋局组队模式	清心寡欲	五星通关普通组队珍珑棋局副本	3	1	2	60	-1	-1	-1	-1	-1	-1	-1	-1	-1	-1	-1	-1	-1	-1	-1	-1	-1	-1
430	S级评价通关珍珑棋局组队模式	清心寡欲	五星通关困难组队珍珑棋局副本	8	2	2	60	-1	-1	-1	-1	-1	-1	-1	-1	-1	-1	-1	-1	-1	-1	-1	-1	-1	-1
431	S级评价通关珍珑棋局组队模式	清心寡欲	五星通关挑战组队珍珑棋局副本	12	3	2	80	56686	1	-1	-1	-1	-1	-1	-1	-1	-1	-1	-1	-1	-1	-1	-1	-1	-1
432	S级评价通关燕王古墓组队模式	搬山之术	五星通关普通组队燕王古墓副本	1	1	2	40	-1	-1	-1	-1	-1	-1	-1	-1	-1	-1	-1	-1	-1	-1	-1	-1	-1	-1
433	S级评价通关燕王古墓组队模式	搬山之术	五星通关困难组队燕王古墓副本	2	2	2	40	-1	-1	-1	-1	-1	-1	-1	-1	-1	-1	-1	-1	-1	-1	-1	-1	-1	-1
434	S级评价通关燕王古墓组队模式	搬山之术	五星通关挑战组队燕王古墓副本	3	3	2	60	-1	-1	-1	-1	-1	-1	-1	-1	-1	-1	-1	-1	-1	-1	-1	-1	-1	-1
435	S级评价通关少室山组队模式	少林铁卫	五星通关普通少室山副本	3	1	2	60	-1	-1	-1	-1	-1	-1	-1	-1	-1	-1	-1	-1	-1	-1	-1	-1	-1	-1
436	S级评价通关少室山组队模式	少林铁卫	五星通关困难少室山副本	6	2	2	60	-1	-1	-1	-1	-1	-1	-1	-1	-1	-1	-1	-1	-1	-1	-1	-1	-1	-1
437	S级评价通关少室山组队模式	少林铁卫	五星通关挑战少室山副本	9	3	2	80	56687	1	-1	-1	-1	-1	-1	-1	-1	-1	-1	-1	-1	-1	-1	-1	-1	-1
438	S级评价通关雁门关组队模式	雁门虎将	五星通关普通雁门关副本	3	1	2	60	-1	-1	-1	-1	-1	-1	-1	-1	-1	-1	-1	-1	-1	-1	-1	-1	-1	-1
439	S级评价通关雁门关组队模式	雁门虎将	五星通关困难雁门关副本	6	2	2	60	-1	-1	-1	-1	-1	-1	-1	-1	-1	-1	-1	-1	-1	-1	-1	-1	-1	-1
440	S级评价通关雁门关组队模式	雁门虎将	五星通关挑战雁门关副本	9	3	2	80	56688	1	-1	-1	-1	-1	-1	-1	-1	-1	-1	-1	-1	-1	-1	-1	-1	-1
441	S级评价通关炼狱少室山组队模式	少林神守	五星通关普通炼狱少室山副本	4	1	2	100	-1	-1	-1	-1	-1	-1	-1	-1	-1	-1	-1	-1	-1	-1	-1	-1	-1	-1
442	S级评价通关炼狱少室山组队模式	少林神守	五星通关困难炼狱少室山副本	8	2	2	120	-1	-1	-1	-1	-1	-1	-1	-1	-1	-1	-1	-1	-1	-1	-1	-1	-1	-1
443	S级评价通关炼狱少室山组队模式	少林神守	五星通关挑战炼狱少室山副本	12	3	2	160	56689	1	-1	-1	-1	-1	-1	-1	-1	-1	-1	-1	-1	-1	-1	-1	-1	-1
444	S级评价通关炼狱雁门关组队模式	雁门灵将	五星通关普通炼狱雁门关副本	4	1	2	100	-1	-1	-1	-1	-1	-1	-1	-1	-1	-1	-1	-1	-1	-1	-1	-1	-1	-1
445	S级评价通关炼狱雁门关组队模式	雁门灵将	五星通关困难炼狱雁门关副本	8	2	2	120	-1	-1	-1	-1	-1	-1	-1	-1	-1	-1	-1	-1	-1	-1	-1	-1	-1	-1
446	S级评价通关炼狱雁门关组队模式	雁门灵将	五星通关挑战炼狱雁门关副本	12	3	2	160	56690	1	-1	-1	-1	-1	-1	-1	-1	-1	-1	-1	-1	-1	-1	-1	-1	-1
447	S级评价通关怒海锄奸单人模式	翻江倒海	五星通关普通怒海锄奸副本	1	1	2	20	-1	-1	-1	-1	-1	-1	-1	-1	-1	-1	-1	-1	-1	-1	-1	-1	-1	-1
448	S级评价通关怒海锄奸单人模式	翻江倒海	五星通关困难怒海锄奸副本	2	2	2	20	-1	-1	-1	-1	-1	-1	-1	-1	-1	-1	-1	-1	-1	-1	-1	-1	-1	-1
449	S级评价通关怒海锄奸单人模式	翻江倒海	五星通关挑战怒海锄奸副本	3	3	2	40	-1	-1	-1	-1	-1	-1	-1	-1	-1	-1	-1	-1	-1	-1	-1	-1	-1	-1
450	S级评价通关勇闯灵鹫宫单人模式	拈花一笑	五星通关勇闯灵鹫宫副本	6	1	2	80	-1	-1	-1	-1	-1	-1	-1	-1	-1	-1	-1	-1	-1	-1	-1	-1	-1	-1
451	（废弃）S级评价通关勇闯灵鹫宫单人模式	拈花一笑	（废弃）五星通关困难勇闯灵鹫宫副本	6	2	2	80	-1	-1	-1	-1	-1	-1	-1	-1	-1	-1	-1	-1	-1	-1	-1	-1	-1	-1
452	（废弃）S级评价通关勇闯灵鹫宫单人模式	拈花一笑	（废弃）五星通关挑战勇闯灵鹫宫副本	6	3	2	80	-1	-1	-1	-1	-1	-1	-1	-1	-1	-1	-1	-1	-1	-1	-1	-1	-1	-1
453	江湖名人录胜场	风华绝代	江湖名人录胜利10场	1	10	2	20	-1	-1	-1	-1	-1	-1	-1	-1	-1	-1	-1	-1	-1	-1	-1	-1	-1	-1
454	江湖名人录胜场	风华绝代	江湖名人录胜利20场	2	20	2	30	-1	-1	-1	-1	-1	-1	-1	-1	-1	-1	-1	-1	-1	-1	-1	-1	-1	-1
455	江湖名人录胜场	风华绝代	江湖名人录胜利40场	3	40	2	40	-1	-1	-1	-1	-1	-1	-1	-1	-1	-1	-1	-1	-1	-1	-1	-1	-1	-1
456	江湖名人录胜场	风华绝代	江湖名人录胜利80场	5	80	2	50	-1	-1	-1	-1	-1	-1	-1	-1	-1	-1	-1	-1	-1	-1	-1	-1	-1	-1
457	江湖名人录胜场	风华绝代	江湖名人录胜利160场	7	160	2	60	-1	-1	-1	-1	-1	-1	-1	-1	-1	-1	-1	-1	-1	-1	-1	-1	-1	-1
458	江湖名人录胜场	风华绝代	江湖名人录胜利300场	9	300	2	70	-1	-1	-1	-1	-1	-1	-1	-1	-1	-1	-1	-1	-1	-1	-1	-1	-1	-1
459	江湖名人录胜场	风华绝代	江湖名人录胜利500场	12	500	2	90	-1	-1	-1	-1	-1	-1	-1	-1	-1	-1	-1	-1	-1	-1	-1	-1	-1	-1
460	江湖名人录胜场	风华绝代	江湖名人录胜利800场	15	800	2	120	56691	1	-1	-1	-1	-1	-1	-1	-1	-1	-1	-1	-1	-1	-1	-1	-1	-1
461	四大恶人参与次数	救世英豪	参与四大恶人活动6次	3	6	2	20	-1	-1	-1	-1	-1	-1	-1	-1	-1	-1	-1	-1	-1	-1	-1	-1	-1	-1
462	四大恶人参与次数	救世英豪	参与四大恶人活动12次	5	12	2	30	-1	-1	-1	-1	-1	-1	-1	-1	-1	-1	-1	-1	-1	-1	-1	-1	-1	-1
463	四大恶人参与次数	救世英豪	参与四大恶人活动36次	7	36	2	40	-1	-1	-1	-1	-1	-1	-1	-1	-1	-1	-1	-1	-1	-1	-1	-1	-1	-1
464	四大恶人参与次数	救世英豪	参与四大恶人活动96次	9	96	2	50	-1	-1	-1	-1	-1	-1	-1	-1	-1	-1	-1	-1	-1	-1	-1	-1	-1	-1
465	四大恶人参与次数	救世英豪	参与四大恶人活动180次	12	180	2	70	-1	-1	-1	-1	-1	-1	-1	-1	-1	-1	-1	-1	-1	-1	-1	-1	-1	-1
466	四大恶人参与次数	救世英豪	参与四大恶人活动360次	16	360	2	90	-1	-1	-1	-1	-1	-1	-1	-1	-1	-1	-1	-1	-1	-1	-1	-1	-1	-1
467	四大恶人参与次数	救世英豪	参与四大恶人活动600次	20	600	2	120	-1	-1	-1	-1	-1	-1	-1	-1	-1	-1	-1	-1	-1	-1	-1	-1	-1	-1
468	四大恶人参与次数	救世英豪	参与四大恶人活动900次	24	900	2	150	-1	-1	-1	-1	-1	-1	-1	-1	-1	-1	-1	-1	-1	-1	-1	-1	-1	-1
469	参与一次华山论剑	叱咤风云	参加1次华山论剑	15	1	2	50	-1	-1	-1	-1	-1	-1	-1	-1	-1	-1	-1	-1	-1	-1	-1	-1	-1	-1
470	参与一次武林大会	俾睨群雄	参加1次武林大会	5	1	2	30	-1	-1	-1	-1	-1	-1	-1	-1	-1	-1	-1	-1	-1	-1	-1	-1	-1	-1
471	参与天降奇珍次数	奇珍异宝	参与天降奇珍活动1次	1	1	2	20	-1	-1	-1	-1	-1	-1	-1	-1	-1	-1	-1	-1	-1	-1	-1	-1	-1	-1
472	参与天降奇珍次数	奇珍异宝	参与天降奇珍活动3次	3	3	2	30	-1	-1	-1	-1	-1	-1	-1	-1	-1	-1	-1	-1	-1	-1	-1	-1	-1	-1
473	参与天降奇珍次数	奇珍异宝	参与天降奇珍活动5次	5	5	2	40	-1	-1	-1	-1	-1	-1	-1	-1	-1	-1	-1	-1	-1	-1	-1	-1	-1	-1
474	参与天降奇珍次数	奇珍异宝	参与天降奇珍活动10次	7	10	2	50	-1	-1	-1	-1	-1	-1	-1	-1	-1	-1	-1	-1	-1	-1	-1	-1	-1	-1
475	参与天降奇珍次数	奇珍异宝	参与天降奇珍活动20次	9	20	2	60	-1	-1	-1	-1	-1	-1	-1	-1	-1	-1	-1	-1	-1	-1	-1	-1	-1	-1
476	参与天降奇珍次数	奇珍异宝	参与天降奇珍活动40次	12	40	2	80	-1	-1	-1	-1	-1	-1	-1	-1	-1	-1	-1	-1	-1	-1	-1	-1	-1	-1
477	参与天降奇珍次数	奇珍异宝	参与天降奇珍活动60次	15	60	2	100	-1	-1	-1	-1	-1	-1	-1	-1	-1	-1	-1	-1	-1	-1	-1	-1	-1	-1
478	参与世界BOSS次数	豪情壮志	参与天山童姥活动2次	1	2	2	20	-1	-1	-1	-1	-1	-1	-1	-1	-1	-1	-1	-1	-1	-1	-1	-1	-1	-1
479	参与世界BOSS次数	豪情壮志	参与天山童姥活动5次	3	5	2	30	-1	-1	-1	-1	-1	-1	-1	-1	-1	-1	-1	-1	-1	-1	-1	-1	-1	-1
480	参与世界BOSS次数	豪情壮志	参与天山童姥活动10次	5	10	2	50	-1	-1	-1	-1	-1	-1	-1	-1	-1	-1	-1	-1	-1	-1	-1	-1	-1	-1
481	参与世界BOSS次数	豪情壮志	参与天山童姥活动20次	7	20	2	70	-1	-1	-1	-1	-1	-1	-1	-1	-1	-1	-1	-1	-1	-1	-1	-1	-1	-1
482	参与世界BOSS次数	豪情壮志	参与天山童姥活动40次	9	40	2	90	-1	-1	-1	-1	-1	-1	-1	-1	-1	-1	-1	-1	-1	-1	-1	-1	-1	-1
483	参与世界BOSS次数	豪情壮志	参与天山童姥活动80次	12	80	2	120	-1	-1	-1	-1	-1	-1	-1	-1	-1	-1	-1	-1	-1	-1	-1	-1	-1	-1
484	参与世界BOSS次数	豪情壮志	参与天山童姥活动120次	15	120	2	150	-1	-1	-1	-1	-1	-1	-1	-1	-1	-1	-1	-1	-1	-1	-1	-1	-1	-1
485	击杀世界BOSS队伍成员	王佐之才	给天山童姥最后一击的队伍成员	10	1	2	100	-1	-1	-1	-1	-1	-1	-1	-1	-1	-1	-1	-1	-1	-1	-1	-1	-1	-1
486	击杀世界BOSS	天选之人	给予天山童姥最后一击	20	1	2	200	56692	1	-1	-1	-1	-1	-1	-1	-1	-1	-1	-1	-1	-1	-1	-1	-1	-1
487	参与一次群龙聚首	百味翘头	参加1次群龙聚首活动	40	1	2	100	-1	-1	-1	-1	-1	-1	-1	-1	-1	-1	-1	-1	-1	-1	-1	-1	-1	-1
488	参与一次武林霸业	运筹帷幄	参加1次武林霸业活动	10	1	2	50	-1	-1	-1	-1	-1	-1	-1	-1	-1	-1	-1	-1	-1	-1	-1	-1	-1	-1
489	完成打图任务总次数	惩恶扬善	完成10次打图任务	2	10	2	20	-1	-1	-1	-1	-1	-1	-1	-1	-1	-1	-1	-1	-1	-1	-1	-1	-1	-1
490	完成打图任务总次数	惩恶扬善	完成20次打图任务	4	20	2	30	-1	-1	-1	-1	-1	-1	-1	-1	-1	-1	-1	-1	-1	-1	-1	-1	-1	-1
491	完成打图任务总次数	惩恶扬善	完成40次打图任务	6	40	2	50	-1	-1	-1	-1	-1	-1	-1	-1	-1	-1	-1	-1	-1	-1	-1	-1	-1	-1
492	完成打图任务总次数	惩恶扬善	完成80次打图任务	9	80	2	70	-1	-1	-1	-1	-1	-1	-1	-1	-1	-1	-1	-1	-1	-1	-1	-1	-1	-1
493	完成打图任务总次数	惩恶扬善	完成160次打图任务	12	160	2	90	-1	-1	-1	-1	-1	-1	-1	-1	-1	-1	-1	-1	-1	-1	-1	-1	-1	-1
494	完成打图任务总次数	惩恶扬善	完成300次打图任务	16	300	2	120	-1	-1	-1	-1	-1	-1	-1	-1	-1	-1	-1	-1	-1	-1	-1	-1	-1	-1
495	完成打图任务总次数	惩恶扬善	完成500次打图任务	20	500	2	150	-1	-1	-1	-1	-1	-1	-1	-1	-1	-1	-1	-1	-1	-1	-1	-1	-1	-1
496	完成打图任务总次数	惩恶扬善	完成800次打图任务	25	800	2	180	-1	-1	-1	-1	-1	-1	-1	-1	-1	-1	-1	-1	-1	-1	-1	-1	-1	-1
497	完成挖宝任务总次数	搬山卸岭	完成2次挖宝任务	2	2	2	20	-1	-1	-1	-1	-1	-1	-1	-1	-1	-1	-1	-1	-1	-1	-1	-1	-1	-1
498	完成挖宝任务总次数	搬山卸岭	完成6次挖宝任务	3	6	2	30	-1	-1	-1	-1	-1	-1	-1	-1	-1	-1	-1	-1	-1	-1	-1	-1	-1	-1
499	完成挖宝任务总次数	搬山卸岭	完成12次挖宝任务	5	12	2	50	-1	-1	-1	-1	-1	-1	-1	-1	-1	-1	-1	-1	-1	-1	-1	-1	-1	-1
500	完成挖宝任务总次数	搬山卸岭	完成25次挖宝任务	8	25	2	70	-1	-1	-1	-1	-1	-1	-1	-1	-1	-1	-1	-1	-1	-1	-1	-1	-1	-1
501	完成挖宝任务总次数	搬山卸岭	完成60次挖宝任务	12	60	2	90	-1	-1	-1	-1	-1	-1	-1	-1	-1	-1	-1	-1	-1	-1	-1	-1	-1	-1
502	完成挖宝任务总次数	搬山卸岭	完成120次挖宝任务	17	120	2	120	-1	-1	-1	-1	-1	-1	-1	-1	-1	-1	-1	-1	-1	-1	-1	-1	-1	-1
503	完成挖宝任务总次数	搬山卸岭	完成200次挖宝任务	23	200	2	150	-1	-1	-1	-1	-1	-1	-1	-1	-1	-1	-1	-1	-1	-1	-1	-1	-1	-1
504	完成挖宝任务总次数	搬山卸岭	完成300次挖宝任务	30	300	2	180	-1	-1	-1	-1	-1	-1	-1	-1	-1	-1	-1	-1	-1	-1	-1	-1	-1	-1
505	在畅销分页购买一次	好评哦亲	在商城的畅销分页购买1次商品	2	1	2	20	-1	-1	-1	-1	-1	-1	-1	-1	-1	-1	-1	-1	-1	-1	-1	-1	-1	-1
506	累计抽奖次数	得之我幸	抽奖4次	1	4	2	20	-1	-1	-1	-1	-1	-1	-1	-1	-1	-1	-1	-1	-1	-1	-1	-1	-1	-1
507	累计抽奖次数	得之我幸	抽奖10次	2	10	2	30	-1	-1	-1	-1	-1	-1	-1	-1	-1	-1	-1	-1	-1	-1	-1	-1	-1	-1
508	累计抽奖次数	得之我幸	抽奖20次	3	20	2	40	-1	-1	-1	-1	-1	-1	-1	-1	-1	-1	-1	-1	-1	-1	-1	-1	-1	-1
509	累计抽奖次数	得之我幸	抽奖35次	4	35	2	50	-1	-1	-1	-1	-1	-1	-1	-1	-1	-1	-1	-1	-1	-1	-1	-1	-1	-1
510	累计抽奖次数	得之我幸	抽奖60次	6	60	2	70	-1	-1	-1	-1	-1	-1	-1	-1	-1	-1	-1	-1	-1	-1	-1	-1	-1	-1
511	累计抽奖次数	得之我幸	抽奖120次	9	120	2	90	-1	-1	-1	-1	-1	-1	-1	-1	-1	-1	-1	-1	-1	-1	-1	-1	-1	-1
512	累计抽奖次数	得之我幸	抽奖240次	12	240	2	120	-1	-1	-1	-1	-1	-1	-1	-1	-1	-1	-1	-1	-1	-1	-1	-1	-1	-1
513	累计抽奖次数	得之我幸	抽奖360次	15	360	2	150	-1	-1	-1	-1	-1	-1	-1	-1	-1	-1	-1	-1	-1	-1	-1	-1	-1	-1
514	累计摇钱次数	金光熠熠	使用摇钱树6次	1	6	2	20	-1	-1	-1	-1	-1	-1	-1	-1	-1	-1	-1	-1	-1	-1	-1	-1	-1	-1
515	累计摇钱次数	金光熠熠	使用摇钱树15次	2	15	2	30	-1	-1	-1	-1	-1	-1	-1	-1	-1	-1	-1	-1	-1	-1	-1	-1	-1	-1
516	累计摇钱次数	金光熠熠	使用摇钱树30次	3	30	2	40	-1	-1	-1	-1	-1	-1	-1	-1	-1	-1	-1	-1	-1	-1	-1	-1	-1	-1
517	累计摇钱次数	金光熠熠	使用摇钱树60次	4	60	2	50	-1	-1	-1	-1	-1	-1	-1	-1	-1	-1	-1	-1	-1	-1	-1	-1	-1	-1
518	累计摇钱次数	金光熠熠	使用摇钱树100次	6	100	2	60	-1	-1	-1	-1	-1	-1	-1	-1	-1	-1	-1	-1	-1	-1	-1	-1	-1	-1
519	累计摇钱次数	金光熠熠	使用摇钱树180次	9	180	2	80	-1	-1	-1	-1	-1	-1	-1	-1	-1	-1	-1	-1	-1	-1	-1	-1	-1	-1
520	累计摇钱次数	金光熠熠	使用摇钱树360次	12	360	2	100	-1	-1	-1	-1	-1	-1	-1	-1	-1	-1	-1	-1	-1	-1	-1	-1	-1	-1
521	累计摇钱次数	金光熠熠	使用摇钱树600次	15	600	2	120	56693	1	-1	-1	-1	-1	-1	-1	-1	-1	-1	-1	-1	-1	-1	-1	-1	-1
522	累计签到领奖次数	滴水穿石	累计签到领奖2次	1	2	2	20	-1	-1	-1	-1	-1	-1	-1	-1	-1	-1	-1	-1	-1	-1	-1	-1	-1	-1
523	累计签到领奖次数	滴水穿石	累计签到领奖5次	2	5	2	30	-1	-1	-1	-1	-1	-1	-1	-1	-1	-1	-1	-1	-1	-1	-1	-1	-1	-1
524	累计签到领奖次数	滴水穿石	累计签到领奖10次	3	10	2	40	-1	-1	-1	-1	-1	-1	-1	-1	-1	-1	-1	-1	-1	-1	-1	-1	-1	-1
525	累计签到领奖次数	滴水穿石	累计签到领奖18次	4	18	2	50	-1	-1	-1	-1	-1	-1	-1	-1	-1	-1	-1	-1	-1	-1	-1	-1	-1	-1
526	累计签到领奖次数	滴水穿石	累计签到领奖30次	6	30	2	60	-1	-1	-1	-1	-1	-1	-1	-1	-1	-1	-1	-1	-1	-1	-1	-1	-1	-1
527	累计签到领奖次数	滴水穿石	累计签到领奖45次	9	45	2	80	-1	-1	-1	-1	-1	-1	-1	-1	-1	-1	-1	-1	-1	-1	-1	-1	-1	-1
528	累计签到领奖次数	滴水穿石	累计签到领奖60次	12	60	2	100	-1	-1	-1	-1	-1	-1	-1	-1	-1	-1	-1	-1	-1	-1	-1	-1	-1	-1
529	累计在线领奖次数	持之以恒	累计在线领奖7次	2	7	2	20	-1	-1	-1	-1	-1	-1	-1	-1	-1	-1	-1	-1	-1	-1	-1	-1	-1	-1
530	累计在线领奖次数	持之以恒	累计在线领奖14次	4	14	2	30	-1	-1	-1	-1	-1	-1	-1	-1	-1	-1	-1	-1	-1	-1	-1	-1	-1	-1
531	累计在线领奖次数	持之以恒	累计在线领奖28次	6	28	2	40	-1	-1	-1	-1	-1	-1	-1	-1	-1	-1	-1	-1	-1	-1	-1	-1	-1	-1
532	累计在线领奖次数	持之以恒	累计在线领奖60次	8	60	2	50	-1	-1	-1	-1	-1	-1	-1	-1	-1	-1	-1	-1	-1	-1	-1	-1	-1	-1
533	累计在线领奖次数	持之以恒	累计在线领奖120次	10	120	2	60	-1	-1	-1	-1	-1	-1	-1	-1	-1	-1	-1	-1	-1	-1	-1	-1	-1	-1
534	累计在线领奖次数	持之以恒	累计在线领奖200次	12	200	2	70	-1	-1	-1	-1	-1	-1	-1	-1	-1	-1	-1	-1	-1	-1	-1	-1	-1	-1
535	累计在线领奖次数	持之以恒	累计在线领奖320次	15	320	2	90	-1	-1	-1	-1	-1	-1	-1	-1	-1	-1	-1	-1	-1	-1	-1	-1	-1	-1
536	累计在线领奖次数	持之以恒	累计在线领奖500次	20	500	2	120	56694	1	-1	-1	-1	-1	-1	-1	-1	-1	-1	-1	-1	-1	-1	-1	-1	-1
537	师父授业等级3	桃李满园	师父授业等级达到一代宗师	15	3	2	90	-1	-1	-1	-1	-1	-1	-1	-1	-1	-1	-1	-1	-1	-1	-1	-1	-1	-1
538	师父授业等级4	开山鼻祖	师父授业等级达到开山祖师	20	4	2	150	-1	-1	-1	-1	-1	-1	-1	-1	-1	-1	-1	-1	-1	-1	-1	-1	-1	-1
539	徒弟学业等级3(男)	小师弟	男性徒弟学业等级达到闭门弟子	10	3	2	60	-1	-1	-1	-1	-1	-1	-1	-1	-1	-1	-1	-1	-1	-1	-1	-1	-1	-1
540	徒弟学业等级4(男)	大师兄	男性徒弟学业等级达到首席弟子	15	4	2	90	-1	-1	-1	-1	-1	-1	-1	-1	-1	-1	-1	-1	-1	-1	-1	-1	-1	-1
541	徒弟学业等级3(女)	小师妹	女性徒弟学业等级达到闭门弟子	10	3	2	60	-1	-1	-1	-1	-1	-1	-1	-1	-1	-1	-1	-1	-1	-1	-1	-1	-1	-1
542	徒弟学业等级4(女)	大师姐	女性徒弟学业等级达到首席弟子	15	4	2	90	-1	-1	-1	-1	-1	-1	-1	-1	-1	-1	-1	-1	-1	-1	-1	-1	-1	-1
543	师父-发布任务次数	诲人不倦	师父发布50次师徒任务	5	50	2	40	-1	-1	-1	-1	-1	-1	-1	-1	-1	-1	-1	-1	-1	-1	-1	-1	-1	-1
544	师父-发布任务次数	诲人不倦	师父发布100次师徒任务	10	100	2	60	-1	-1	-1	-1	-1	-1	-1	-1	-1	-1	-1	-1	-1	-1	-1	-1	-1	-1
545	师父-发布任务次数	诲人不倦	师父发布200次师徒任务	15	200	2	90	-1	-1	-1	-1	-1	-1	-1	-1	-1	-1	-1	-1	-1	-1	-1	-1	-1	-1
546	徒弟-完成任务次数	师命难违	完成师徒任务并领奖100次	10	100	2	40	-1	-1	-1	-1	-1	-1	-1	-1	-1	-1	-1	-1	-1	-1	-1	-1	-1	-1
547	徒弟-完成任务次数	师命难违	完成师徒任务并领奖200次	15	200	2	60	-1	-1	-1	-1	-1	-1	-1	-1	-1	-1	-1	-1	-1	-1	-1	-1	-1	-1
548	徒弟-完成任务次数	师命难违	完成师徒任务并领奖500次	20	500	2	90	-1	-1	-1	-1	-1	-1	-1	-1	-1	-1	-1	-1	-1	-1	-1	-1	-1	-1
549	师父-赠礼次数	以资鼓励	为徒弟赠礼50次	10	50	2	40	-1	-1	-1	-1	-1	-1	-1	-1	-1	-1	-1	-1	-1	-1	-1	-1	-1	-1
550	师父-赠礼次数	以资鼓励	为徒弟赠礼100次	15	100	2	60	-1	-1	-1	-1	-1	-1	-1	-1	-1	-1	-1	-1	-1	-1	-1	-1	-1	-1
551	徒弟-领取传功	受宠若惊	领取师徒传功道具60次	10	60	2	40	-1	-1	-1	-1	-1	-1	-1	-1	-1	-1	-1	-1	-1	-1	-1	-1	-1	-1
552	徒弟-领取传功	受宠若惊	领取师徒传功道具180次	15	180	2	60	-1	-1	-1	-1	-1	-1	-1	-1	-1	-1	-1	-1	-1	-1	-1	-1	-1	-1
553	结义1次	患难相随	进行1次结义	10	1	2	100	-1	-1	-1	-1	-1	-1	-1	-1	-1	-1	-1	-1	-1	-1	-1	-1	-1	-1
554	好友赠送次数	慷慨解囊	使用好友赠送1次	2	1	2	20	-1	-1	-1	-1	-1	-1	-1	-1	-1	-1	-1	-1	-1	-1	-1	-1	-1	-1
555	好友赠送次数	慷慨解囊	使用好友赠送20次	4	20	2	30	-1	-1	-1	-1	-1	-1	-1	-1	-1	-1	-1	-1	-1	-1	-1	-1	-1	-1
556	好友赠送次数	慷慨解囊	使用好友赠送100次	6	100	2	40	-1	-1	-1	-1	-1	-1	-1	-1	-1	-1	-1	-1	-1	-1	-1	-1	-1	-1
557	好友赠送次数	慷慨解囊	使用好友赠送200次	9	200	2	60	-1	-1	-1	-1	-1	-1	-1	-1	-1	-1	-1	-1	-1	-1	-1	-1	-1	-1
558	好友赠送次数	慷慨解囊	使用好友赠送500次	12	500	2	90	-1	-1	-1	-1	-1	-1	-1	-1	-1	-1	-1	-1	-1	-1	-1	-1	-1	-1
559	好友赠送次数	慷慨解囊	使用好友赠送1000次	15	1000	2	120	56695	1	-1	-1	-1	-1	-1	-1	-1	-1	-1	-1	-1	-1	-1	-1	-1	-1
560	50次皇宫悬赏	皇宫悬赏	完成50次皇宫悬赏	20	50	2	300	-1	-1	-1	-1	-1	-1	-1	-1	-1	-1	-1	-1	-1	-1	-1	-1	-1	-1
561	大辽悬赏任务	对酒当歌	使用《大辽酿醴录》	10	1	2	90	-1	-1	-1	-1	-1	-1	-1	-1	-1	-1	-1	-1	-1	-1	-1	-1	-1	-1
562	吐蕃悬赏任务	见性成佛	使用《藏地教外经》	10	1	2	90	-1	-1	-1	-1	-1	-1	-1	-1	-1	-1	-1	-1	-1	-1	-1	-1	-1	-1
563	西夏悬赏任务	百毒不侵	使用《一品堂毒典》	10	1	2	90	-1	-1	-1	-1	-1	-1	-1	-1	-1	-1	-1	-1	-1	-1	-1	-1	-1	-1
564	大理悬赏任务	风花雪月	使用《大理氏族谱》	10	1	2	90	-1	-1	-1	-1	-1	-1	-1	-1	-1	-1	-1	-1	-1	-1	-1	-1	-1	-1
565	北宋悬赏任务	舞文弄墨	使用《汉秋乐府集》	10	1	2	90	-1	-1	-1	-1	-1	-1	-1	-1	-1	-1	-1	-1	-1	-1	-1	-1	-1	-1
566	全部悬赏成就	天地豪侠	完成皇宫悬赏任务的其他成就	20	1	2	800	251	1	-1	-1	-1	-1	-1	-1	-1	-1	-1	-1	-1	-1	-1	-1	-1	-1
567	参与世界BOSS次数	金鼓连天	参与大轮明王活动2次	1	2	2	20	-1	-1	-1	-1	-1	-1	-1	-1	-1	-1	-1	-1	-1	-1	-1	-1	-1	-1
568	参与世界BOSS次数	金鼓连天	参与大轮明王活动5次	3	5	2	30	-1	-1	-1	-1	-1	-1	-1	-1	-1	-1	-1	-1	-1	-1	-1	-1	-1	-1
569	参与世界BOSS次数	金鼓连天	参与大轮明王活动10次	5	10	2	50	-1	-1	-1	-1	-1	-1	-1	-1	-1	-1	-1	-1	-1	-1	-1	-1	-1	-1
570	参与世界BOSS次数	金鼓连天	参与大轮明王活动20次	7	20	2	70	-1	-1	-1	-1	-1	-1	-1	-1	-1	-1	-1	-1	-1	-1	-1	-1	-1	-1
571	参与世界BOSS次数	金鼓连天	参与大轮明王活动40次	9	40	2	90	-1	-1	-1	-1	-1	-1	-1	-1	-1	-1	-1	-1	-1	-1	-1	-1	-1	-1
572	参与世界BOSS次数	金鼓连天	参与大轮明王活动80次	12	80	2	120	-1	-1	-1	-1	-1	-1	-1	-1	-1	-1	-1	-1	-1	-1	-1	-1	-1	-1
573	参与世界BOSS次数	金鼓连天	参与大轮明王活动120次	15	120	2	150	-1	-1	-1	-1	-1	-1	-1	-1	-1	-1	-1	-1	-1	-1	-1	-1	-1	-1
574	击杀世界BOSS队伍成员	齐心协力	给大轮明王最后一击的队伍成员	10	1	2	100	-1	-1	-1	-1	-1	-1	-1	-1	-1	-1	-1	-1	-1	-1	-1	-1	-1	-1
575	击杀世界BOSS	锐不可当	给予大轮明王最后一击	20	1	2	200	-1	-1	-1	-1	-1	-1	-1	-1	-1	-1	-1	-1	-1	-1	-1	-1	-1	-1
576	通关英雄大会	盖世英雄	通关英雄大会1层	10	1	2	100	256	60	-1	-1	-1	-1	-1	-1	-1	-1	-1	-1	-1	-1	-1	-1	-1	-1
577	通关英雄大会	盖世英雄	通关英雄大会2层	20	2	2	110	256	68	-1	-1	-1	-1	-1	-1	-1	-1	-1	-1	-1	-1	-1	-1	-1	-1
578	通关英雄大会	盖世英雄	通关英雄大会3层	30	3	2	120	256	76	-1	-1	-1	-1	-1	-1	-1	-1	-1	-1	-1	-1	-1	-1	-1	-1
579	通关英雄大会	盖世英雄	通关英雄大会4层	40	4	2	130	256	84	-1	-1	-1	-1	-1	-1	-1	-1	-1	-1	-1	-1	-1	-1	-1	-1
580	通关英雄大会	盖世英雄	通关英雄大会5层	50	5	2	140	256	92	-1	-1	-1	-1	-1	-1	-1	-1	-1	-1	-1	-1	-1	-1	-1	-1
581	通关英雄大会	盖世英雄	通关英雄大会6层	60	6	2	150	256	167	-1	-1	-1	-1	-1	-1	-1	-1	-1	-1	-1	-1	-1	-1	-1	-1
582	通关英雄大会	盖世英雄	通关英雄大会7层	70	7	2	170	256	180	-1	-1	-1	-1	-1	-1	-1	-1	-1	-1	-1	-1	-1	-1	-1	-1
583	通关英雄大会	盖世英雄	通关英雄大会8层	80	8	2	190	256	193	-1	-1	-1	-1	-1	-1	-1	-1	-1	-1	-1	-1	-1	-1	-1	-1
584	通关英雄大会	盖世英雄	通关英雄大会9层	90	9	2	220	256	207	-1	-1	-1	-1	-1	-1	-1	-1	-1	-1	-1	-1	-1	-1	-1	-1
585	通关英雄大会	盖世英雄	通关英雄大会10层	100	10	2	250	256	220	-1	-1	-1	-1	-1	-1	-1	-1	-1	-1	-1	-1	-1	-1	-1	-1
586	通关英雄大会	盖世英雄	通关英雄大会11层	110	11	2	300	256	350	-1	-1	-1	-1	-1	-1	-1	-1	-1	-1	-1	-1	-1	-1	-1	-1
587	通关英雄大会	盖世英雄	通关英雄大会12层	120	12	2	350	256	370	-1	-1	-1	-1	-1	-1	-1	-1	-1	-1	-1	-1	-1	-1	-1	-1
588	通关英雄大会	盖世英雄	通关英雄大会13层	130	13	2	400	256	390	-1	-1	-1	-1	-1	-1	-1	-1	-1	-1	-1	-1	-1	-1	-1	-1
589	通关英雄大会	盖世英雄	通关英雄大会14层	140	14	2	450	256	410	-1	-1	-1	-1	-1	-1	-1	-1	-1	-1	-1	-1	-1	-1	-1	-1
590	通关英雄大会	盖世英雄	通关英雄大会15层	150	15	2	500	256	430	-1	-1	-1	-1	-1	-1	-1	-1	-1	-1	-1	-1	-1	-1	-1	-1
591	通关英雄大会	盖世英雄	通关英雄大会16层	160	16	2	700	256	900	-1	-1	-1	-1	-1	-1	-1	-1	-1	-1	-1	-1	-1	-1	-1	-1
592	通关英雄大会	盖世英雄	通关英雄大会17层	170	17	2	900	256	940	-1	-1	-1	-1	-1	-1	-1	-1	-1	-1	-1	-1	-1	-1	-1	-1
593	通关英雄大会	盖世英雄	通关英雄大会18层	180	18	2	1200	256	980	-1	-1	-1	-1	-1	-1	-1	-1	-1	-1	-1	-1	-1	-1	-1	-1
594	通关英雄大会	盖世英雄	通关英雄大会19层	190	19	2	1600	256	1020	-1	-1	-1	-1	-1	-1	-1	-1	-1	-1	-1	-1	-1	-1	-1	-1
595	通关英雄大会	盖世英雄	通关英雄大会20层	200	20	2	2000	256	1060	-1	-1	-1	-1	-1	-1	-1	-1	-1	-1	-1	-1	-1	-1	-1	-1
596	王霸雄图	王霸雄图	参加1次王霸雄图	5	1	2	40	-1	-1	-1	-1	-1	-1	-1	-1	-1	-1	-1	-1	-1	-1	-1	-1	-1	-1
597	天降奇珍最后一击	韬光养晦	聚宝盆血量低于2000时给予其最后一击	5	1	2	40	-1	-1	-1	-1	-1	-1	-1	-1	-1	-1	-1	-1	-1	-1	-1	-1	-1	-1
598	帮战险胜	峰回路转	帮战复赛或决赛积分不超过100分取胜	6	100	2	30	-1	-1	-1	-1	-1	-1	-1	-1	-1	-1	-1	-1	-1	-1	-1	-1	-1	-1
599	帮战险胜	峰回路转	帮战复赛或决赛积分不超过50分取胜	9	50	2	50	-1	-1	-1	-1	-1	-1	-1	-1	-1	-1	-1	-1	-1	-1	-1	-1	-1	-1
600	帮战险胜	峰回路转	帮战复赛或决赛积分不超过10分取胜	12	10	2	100	-1	-1	-1	-1	-1	-1	-1	-1	-1	-1	-1	-1	-1	-1	-1	-1	-1	-1
601	少室山副本死亡19次	狭路相逢	死亡19次通关少室山、炼狱少室山	10	1	2	50	-1	-1	-1	-1	-1	-1	-1	-1	-1	-1	-1	-1	-1	-1	-1	-1	-1	-1
602	雁门关副本死亡19次	不落窠臼	死亡19次通关雁门关、炼狱雁门关	10	1	2	50	-1	-1	-1	-1	-1	-1	-1	-1	-1	-1	-1	-1	-1	-1	-1	-1	-1	-1
603	英雄大会死亡19次	咫尺天涯	死亡19次挑战英雄大会成功	10	1	2	50	-1	-1	-1	-1	-1	-1	-1	-1	-1	-1	-1	-1	-1	-1	-1	-1	-1	-1
604	楼兰使者领宝珠	杏雨梨云	一天内领取水、火、土宝珠各一个	5	1	2	40	-1	-1	-1	-1	-1	-1	-1	-1	-1	-1	-1	-1	-1	-1	-1	-1	-1	-1
605	同职业玩家通关少室山	龙虎风云	4位同职业玩家通关少室山或雁门关	5	1	2	20	-1	-1	-1	-1	-1	-1	-1	-1	-1	-1	-1	-1	-1	-1	-1	-1	-1	-1
606	同职业玩家通关雁门关	高朋满座	4位同职业玩家通关炼狱副本	5	1	2	20	-1	-1	-1	-1	-1	-1	-1	-1	-1	-1	-1	-1	-1	-1	-1	-1	-1	-1
607	同职业玩家通关英雄大会	簪缨世族	4位同职业玩家通关一次英雄大会副本	5	1	2	20	-1	-1	-1	-1	-1	-1	-1	-1	-1	-1	-1	-1	-1	-1	-1	-1	-1	-1
608	无BUFF通关灵鹫宫	纵横捭阖	不消耗真气通关勇闯灵鹫宫	10	1	2	100	-1	-1	-1	-1	-1	-1	-1	-1	-1	-1	-1	-1	-1	-1	-1	-1	-1	-1
609	半小时12次恶人	争分夺秒	半小时内完成12次四大恶人	15	12	2	100	-1	-1	-1	-1	-1	-1	-1	-1	-1	-1	-1	-1	-1	-1	-1	-1	-1	-1
610	少室山同时掉落美人和永久坐骑	点石成金	一次少室山获得阿紫美人和永久坐骑	40	1	2	50	-1	-1	-1	-1	-1	-1	-1	-1	-1	-1	-1	-1	-1	-1	-1	-1	-1	-1
611	连续触发悬赏任务	生生不息	连续2天触发悬赏任务	5	2	2	20	-1	-1	-1	-1	-1	-1	-1	-1	-1	-1	-1	-1	-1	-1	-1	-1	-1	-1
612	连续触发悬赏任务	生生不息	连续3天触发悬赏任务	10	3	2	50	-1	-1	-1	-1	-1	-1	-1	-1	-1	-1	-1	-1	-1	-1	-1	-1	-1	-1
613	连续触发悬赏任务	生生不息	连续4天触发悬赏任务	20	4	2	100	-1	-1	-1	-1	-1	-1	-1	-1	-1	-1	-1	-1	-1	-1	-1	-1	-1	-1
614	连续触发悬赏任务	生生不息	连续5天触发悬赏任务	40	5	2	200	-1	-1	-1	-1	-1	-1	-1	-1	-1	-1	-1	-1	-1	-1	-1	-1	-1	-1
615	华山论剑报名第64名	云淡风轻	华山论剑报名截止时战力排名第64名	10	64	2	50	-1	-1	-1	-1	-1	-1	-1	-1	-1	-1	-1	-1	-1	-1	-1	-1	-1	-1
616	华山论剑轮空1轮	称心如意	一天内华山论剑比赛轮空1次	5	1	2	20	-1	-1	-1	-1	-1	-1	-1	-1	-1	-1	-1	-1	-1	-1	-1	-1	-1	-1
617	华山论剑轮空2轮	称心如意	一天内华山论剑比赛轮空2次	10	2	2	100	-1	-1	-1	-1	-1	-1	-1	-1	-1	-1	-1	-1	-1	-1	-1	-1	-1	-1
618	武林大会轮空1轮	和光同尘	一天内武林大会比赛轮空1次	5	1	2	20	-1	-1	-1	-1	-1	-1	-1	-1	-1	-1	-1	-1	-1	-1	-1	-1	-1	-1
619	武林大会轮空2轮	和光同尘	一天内武林大会比赛轮空2次	10	2	2	100	-1	-1	-1	-1	-1	-1	-1	-1	-1	-1	-1	-1	-1	-1	-1	-1	-1	-1
620	日常答题连续答对N道题	韦编三绝	日常答题连续答对30道题	5	30	2	20	-1	-1	-1	-1	-1	-1	-1	-1	-1	-1	-1	-1	-1	-1	-1	-1	-1	-1
621	日常答题连续答对N道题	韦编三绝	日常答题连续答对60道题	10	60	2	40	-1	-1	-1	-1	-1	-1	-1	-1	-1	-1	-1	-1	-1	-1	-1	-1	-1	-1
622	日常答题连续答对N道题	韦编三绝	日常答题连续答对100道题	15	100	2	60	-1	-1	-1	-1	-1	-1	-1	-1	-1	-1	-1	-1	-1	-1	-1	-1	-1	-1
623	日常答题连续答对N道题	韦编三绝	日常答题连续答对150道题	20	150	2	80	-1	-1	-1	-1	-1	-1	-1	-1	-1	-1	-1	-1	-1	-1	-1	-1	-1	-1
624	0点到24点抢到N个充值红包	多多益善	一天内抢到3次充值红包	5	3	2	20	-1	-1	-1	-1	-1	-1	-1	-1	-1	-1	-1	-1	-1	-1	-1	-1	-1	-1
625	0点到24点抢到N个充值红包	多多益善	一天内抢到6次充值红包	7	6	2	40	-1	-1	-1	-1	-1	-1	-1	-1	-1	-1	-1	-1	-1	-1	-1	-1	-1	-1
626	0点到24点抢到N个充值红包	多多益善	一天内抢到10次充值红包	10	10	2	60	-1	-1	-1	-1	-1	-1	-1	-1	-1	-1	-1	-1	-1	-1	-1	-1	-1	-1
627	连续N次抽不到橙色侠客	雾里看花	连续50次抽不到橙色侠客	2	50	2	20	-1	-1	-1	-1	-1	-1	-1	-1	-1	-1	-1	-1	-1	-1	-1	-1	-1	-1
628	连续N次抽不到橙色侠客	雾里看花	连续100次抽不到橙色侠客	4	100	2	40	-1	-1	-1	-1	-1	-1	-1	-1	-1	-1	-1	-1	-1	-1	-1	-1	-1	-1
629	连续N次抽不到橙色侠客	雾里看花	连续200次抽不到橙色侠客	8	200	2	60	-1	-1	-1	-1	-1	-1	-1	-1	-1	-1	-1	-1	-1	-1	-1	-1	-1	-1
630	连续N次抽不到红色侠客	镜花水月	连续150次抽不到红色侠客	3	150	2	50	-1	-1	-1	-1	-1	-1	-1	-1	-1	-1	-1	-1	-1	-1	-1	-1	-1	-1
631	连续N次抽不到红色侠客	镜花水月	连续300次抽不到红色侠客	6	300	2	80	-1	-1	-1	-1	-1	-1	-1	-1	-1	-1	-1	-1	-1	-1	-1	-1	-1	-1
632	连续N次抽不到红色侠客	镜花水月	连续500次抽不到红色侠客	10	500	2	120	-1	-1	-1	-1	-1	-1	-1	-1	-1	-1	-1	-1	-1	-1	-1	-1	-1	-1
633	0点到24点连续重铸属性N次	焚膏继晷	0点至24点重铸神装属性100次	5	100	2	10	-1	-1	-1	-1	-1	-1	-1	-1	-1	-1	-1	-1	-1	-1	-1	-1	-1	-1
634	0点到24点连续重铸属性N次	焚膏继晷	0点至24点连续重铸神装属性200次	10	200	2	20	-1	-1	-1	-1	-1	-1	-1	-1	-1	-1	-1	-1	-1	-1	-1	-1	-1	-1
635	0点到24点连续重铸属性N次	焚膏继晷	0点至24点连续重铸神装属性400次	15	400	2	40	-1	-1	-1	-1	-1	-1	-1	-1	-1	-1	-1	-1	-1	-1	-1	-1	-1	-1
636	0点到24点连续制造N次没有橙色装备	鹤唳华亭	连续10次强化打造没有获得橙色装备	10	10	2	30	-1	-1	-1	-1	-1	-1	-1	-1	-1	-1	-1	-1	-1	-1	-1	-1	-1	-1
637	0点到24点连续制造N次没有橙色装备	鹤唳华亭	连续20次打造没有获得橙色装备	18	20	2	60	-1	-1	-1	-1	-1	-1	-1	-1	-1	-1	-1	-1	-1	-1	-1	-1	-1	-1
638	0点到24点连续制造N次没有橙色装备	鹤唳华亭	连续40次打造没有获得橙色装备	30	40	2	100	-1	-1	-1	-1	-1	-1	-1	-1	-1	-1	-1	-1	-1	-1	-1	-1	-1	-1
639	通关江湖试炼	名动江湖	通关江湖试炼1层	10	1	2	100	60080	1	-1	-1	-1	-1	-1	-1	-1	-1	-1	-1	-1	-1	-1	-1	-1	-1
640	通关江湖试炼	名动江湖	通关江湖试炼2层	20	2	2	110	60081	1	-1	-1	-1	-1	-1	-1	-1	-1	-1	-1	-1	-1	-1	-1	-1	-1
641	通关江湖试炼	名动江湖	通关江湖试炼3层	30	3	2	120	60082	1	-1	-1	-1	-1	-1	-1	-1	-1	-1	-1	-1	-1	-1	-1	-1	-1
642	通关江湖试炼	名动江湖	通关江湖试炼4层	40	4	2	130	60083	1	-1	-1	-1	-1	-1	-1	-1	-1	-1	-1	-1	-1	-1	-1	-1	-1
643	通关江湖试炼	名动江湖	通关江湖试炼5层	50	5	2	140	60084	1	-1	-1	-1	-1	-1	-1	-1	-1	-1	-1	-1	-1	-1	-1	-1	-1
644	通关江湖试炼	名动江湖	通关江湖试炼6层	60	6	2	150	60085	1	-1	-1	-1	-1	-1	-1	-1	-1	-1	-1	-1	-1	-1	-1	-1	-1
645	通关江湖试炼	名动江湖	通关江湖试炼7层	70	7	2	170	60086	1	-1	-1	-1	-1	-1	-1	-1	-1	-1	-1	-1	-1	-1	-1	-1	-1
646	通关江湖试炼	名动江湖	通关江湖试炼8层	80	8	2	190	60087	1	-1	-1	-1	-1	-1	-1	-1	-1	-1	-1	-1	-1	-1	-1	-1	-1
647	通关江湖试炼	名动江湖	通关江湖试炼9层	90	9	2	220	60088	1	-1	-1	-1	-1	-1	-1	-1	-1	-1	-1	-1	-1	-1	-1	-1	-1
648	通关江湖试炼	名动江湖	通关江湖试炼10层	100	10	2	250	60089	1	-1	-1	-1	-1	-1	-1	-1	-1	-1	-1	-1	-1	-1	-1	-1	-1
649	通关江湖试炼	名动江湖	通关江湖试炼11层	110	11	2	300	60090	1	-1	-1	-1	-1	-1	-1	-1	-1	-1	-1	-1	-1	-1	-1	-1	-1
650	通关江湖试炼	名动江湖	通关江湖试炼12层	120	12	2	350	60091	1	-1	-1	-1	-1	-1	-1	-1	-1	-1	-1	-1	-1	-1	-1	-1	-1
651	通关江湖试炼	名动江湖	通关江湖试炼13层	130	13	2	400	60092	1	-1	-1	-1	-1	-1	-1	-1	-1	-1	-1	-1	-1	-1	-1	-1	-1
652	通关江湖试炼	名动江湖	通关江湖试炼14层	140	14	2	450	60093	1	-1	-1	-1	-1	-1	-1	-1	-1	-1	-1	-1	-1	-1	-1	-1	-1
653	通关江湖试炼	名动江湖	通关江湖试炼15层	150	15	2	500	60094	1	-1	-1	-1	-1	-1	-1	-1	-1	-1	-1	-1	-1	-1	-1	-1	-1
654	通关江湖试炼	名动江湖	通关江湖试炼16层	160	16	2	700	60095	1	-1	-1	-1	-1	-1	-1	-1	-1	-1	-1	-1	-1	-1	-1	-1	-1
655	通关江湖试炼	名动江湖	通关江湖试炼17层	170	17	2	900	60096	1	-1	-1	-1	-1	-1	-1	-1	-1	-1	-1	-1	-1	-1	-1	-1	-1
656	通关江湖试炼	名动江湖	通关江湖试炼18层	180	18	2	1200	60097	1	-1	-1	-1	-1	-1	-1	-1	-1	-1	-1	-1	-1	-1	-1	-1	-1
657	通关江湖试炼	名动江湖	通关江湖试炼19层	190	19	2	1600	60098	1	-1	-1	-1	-1	-1	-1	-1	-1	-1	-1	-1	-1	-1	-1	-1	-1
658	通关江湖试炼	名动江湖	通关江湖试炼20层	200	20	2	2000	60099	1	-1	-1	-1	-1	-1	-1	-1	-1	-1	-1	-1	-1	-1	-1	-1	-1
